5.032858707557503, 44.919210053859956
5.193153776112116, 46.146525058943126
5.427163198247536, 46.53500897666068
5.662716583750116, 45.85170123942808
5.823447129151877, 44.83549998918474
6.1047255836049565, 43.235923947135035
6.4101136198683015, 40.72176677986632
6.6615421158896275, 38.907659362765244
6.841789941804458, 37.379593779065985
7.005144659376044, 35.568712397679974
7.289794446130635, 34.278298111656675
7.621825119284839, 31.353359063337216
7.769434803837476, 30.36404144405269
8.34347246598662, 26.60033310981808
8.647712426925667, 24.869027276070163
8.917510128135763, 23.438818109061017
9.147125192995421, 22.309705608790637
9.496140091582102, 20.728948108412105
9.803824278494044, 19.49445177478315
9.989047097480835, 18.74672838571521
10.364085036751607, 17.41688477428565
10.800353659984959, 16.06194977396119
11.137122421779123, 15.108476995955094
11.366737486638781, 14.506283662477557
11.730294672666572, 13.615539356708702
12.055582681217754, 12.900434773204125
12.260705472492381, 12.448789773095974
12.648754932105202, 11.696048106249052
13.119465815067501, 10.868032272717436
13.504071048707427, 10.228201855897552
13.655234299740036, 10.040016439185827
14.014964568020167, 9.513097272392983
14.38808904841711, 9.023815188942486
14.657886749627208, 8.685081438861367
14.910463320972832, 8.421621855464949
15.05971311313161, 8.233436438753216
15.484500983121976, 7.781791438645065
16.004961796803865, 7.279963660747121
16.460365008775522, 6.878501438428756
16.98273928133124, 6.464493521662952
17.352036843980528, 6.1759425493716265
17.57399807334486, 6.050485604897148
17.872497657662414, 5.824663104843069
18.36617004711068, 5.523566438104304
18.79861175259637, 5.272652549155325
19.020572981960704, 5.147195604680839
19.1583420208765, 5.071921437996146
19.445360851951072, 4.921373104626767
19.778302695997574, 4.770824771257381

