
 1.35338345864662e-001    5.74162679425837e+000
 1.41783029001074e-001    8.61244019138756e+000
 1.46079484425349e-001    1.14832535885167e+001
 1.52524167561762e-001    1.43540669856459e+001
 1.58968850698174e-001    1.72248803827751e+001
 1.65413533834586e-001    2.00956937799043e+001
 1.71858216970999e-001    2.29665071770335e+001
 1.76154672395274e-001    2.58373205741627e+001
 1.80451127819549e-001    2.87081339712919e+001
 1.86895810955961e-001    3.15789473684211e+001
 1.91192266380236e-001    3.44497607655502e+001
 1.95488721804511e-001    3.73205741626794e+001
 1.97636949516649e-001    4.01913875598086e+001
 2.01933404940924e-001    4.30622009569378e+001
 2.08378088077336e-001    4.88038277511962e+001
 2.10526315789474e-001    5.16746411483254e+001
 2.14822771213749e-001    5.45454545454545e+001
 2.16970998925886e-001    5.74162679425837e+001
 2.19119226638024e-001    6.02870813397129e+001
 2.23415682062299e-001    6.31578947368421e+001
 2.25563909774436e-001    6.88995215311005e+001
 2.29860365198711e-001    7.17703349282297e+001
 2.32008592910849e-001    7.75119617224880e+001
 2.34156820622986e-001    8.03827751196172e+001
 2.36305048335124e-001    8.61244019138756e+001
 2.42749731471536e-001    9.18660287081340e+001
 2.42749731471536e-001    9.47368421052632e+001
 2.47046186895811e-001    1.00478468899522e+002
 2.47046186895811e-001    1.03349282296651e+002
 2.51342642320086e-001    1.11961722488038e+002
 2.53490870032223e-001    1.14832535885167e+002
 2.55639097744361e-001    1.20574162679426e+002
 2.57787325456498e-001    1.23444976076555e+002
 2.59935553168636e-001    1.29186602870813e+002
 2.64232008592911e-001    1.34928229665072e+002
 2.66380236305048e-001    1.43540669856459e+002
 2.68528464017186e-001    1.49282296650718e+002
 2.70676691729323e-001    1.55023923444976e+002
 2.72824919441461e-001    1.57894736842105e+002
 2.74973147153598e-001    1.66507177033493e+002
 2.77121374865736e-001    1.72248803827751e+002
 2.79269602577873e-001    1.80861244019139e+002
 2.81417830290011e-001    1.83732057416268e+002
 2.83566058002148e-001    1.92344497607656e+002
 2.85714285714286e-001    2.00956937799043e+002
 2.87862513426423e-001    2.06698564593301e+002
 2.90010741138561e-001    2.12440191387560e+002
 2.92158968850698e-001    2.21052631578947e+002
 2.96455424274973e-001    2.29665071770335e+002
 2.98603651987111e-001    2.41148325358852e+002
 3.02900107411386e-001    2.52631578947368e+002
 3.05048335123523e-001    2.64114832535885e+002
 3.07196562835661e-001    2.75598086124402e+002
 3.09344790547798e-001    2.87081339712919e+002
 3.11493018259936e-001    2.95693779904306e+002
 3.13641245972073e-001    3.04306220095694e+002
 3.15789473684211e-001    3.12918660287081e+002
 3.17937701396348e-001    3.24401913875598e+002
 3.20085929108485e-001    3.35885167464115e+002
 3.24382384532760e-001    3.53110047846890e+002
 3.26530612244898e-001    3.67464114832536e+002
 3.30827067669173e-001    3.84688995215311e+002
 3.32975295381310e-001    3.99043062200957e+002
 3.37271750805585e-001    4.16267942583732e+002
 3.41568206229860e-001    4.33492822966507e+002
 3.43716433941998e-001    4.47846889952153e+002
 3.45864661654135e-001    4.65071770334928e+002
 3.48012889366273e-001    4.82296650717703e+002
 3.52309344790548e-001    4.96650717703349e+002
 3.54457572502685e-001    5.13875598086124e+002
 3.56605800214823e-001    5.31100478468900e+002
 3.58754027926960e-001    5.54066985645933e+002
 3.63050483351235e-001    5.71291866028708e+002
 3.65198711063373e-001    5.85645933014354e+002
 3.67346938775510e-001    6.00000000000000e+002
 3.67346938775510e-001    6.11483253588517e+002
 3.69495166487648e-001    6.22966507177033e+002
 3.71643394199785e-001    6.34449760765550e+002
 3.73791621911923e-001    6.48803827751196e+002
 3.75939849624060e-001    6.66028708133971e+002
 3.78088077336198e-001    6.80382775119617e+002
 3.80236305048335e-001    6.94736842105263e+002
 3.82384532760473e-001    7.06220095693780e+002
 3.84532760472610e-001    7.17703349282297e+002
 3.86680988184748e-001    7.29186602870813e+002
 3.88829215896885e-001    7.46411483253589e+002
 3.90977443609023e-001    7.57894736842105e+002
 3.93125671321160e-001    7.69377990430622e+002
 3.95273899033298e-001    7.86602870813397e+002
 3.95273899033298e-001    8.00956937799043e+002
 3.99570354457573e-001    8.12440191387560e+002
 3.99570354457573e-001    8.21052631578947e+002
 4.01718582169710e-001    8.32535885167464e+002
 4.03866809881847e-001    8.46889952153110e+002
 4.06015037593985e-001    8.55502392344498e+002
 4.06015037593985e-001    8.69856459330144e+002
 4.08163265306122e-001    8.81339712918660e+002
 4.10311493018260e-001    8.92822966507177e+002
 4.10311493018260e-001    9.04306220095694e+002
 4.12459720730397e-001    9.15789473684211e+002
 4.14607948442535e-001    9.35885167464115e+002
 4.16756176154672e-001    9.53110047846890e+002
 4.18904403866810e-001    9.67464114832536e+002
 4.21052631578947e-001    9.78947368421053e+002
 4.23200859291085e-001    9.90430622009569e+002
 4.25349087003222e-001    1.00478468899522e+003
 4.27497314715360e-001    1.01913875598086e+003
 4.29645542427497e-001    1.03349282296651e+003
 4.31793770139635e-001    1.04210526315789e+003
 4.33941997851772e-001    1.05645933014354e+003
 4.36090225563910e-001    1.06794258373206e+003
 4.38238453276047e-001    1.07942583732057e+003
 4.40386680988185e-001    1.09090909090909e+003
 4.42534908700322e-001    1.10239234449761e+003
 4.44683136412460e-001    1.11100478468900e+003
 4.46831364124597e-001    1.12248803827751e+003
 4.48979591836735e-001    1.13110047846890e+003
 4.51127819548872e-001    1.14258373205742e+003
 4.53276047261010e-001    1.15406698564593e+003
 4.55424274973147e-001    1.16267942583732e+003
 4.57572502685285e-001    1.17416267942584e+003
 4.59720730397422e-001    1.18277511961722e+003
 4.61868958109560e-001    1.19138755980861e+003
 4.64017185821697e-001    1.19425837320574e+003
 4.66165413533835e-001    1.20574162679426e+003
 4.68313641245972e-001    1.20861244019139e+003
 4.70461868958110e-001    1.21435406698565e+003
 4.72610096670247e-001    1.22296650717703e+003
 4.76906552094522e-001    1.23157894736842e+003
 4.81203007518797e-001    1.24306220095694e+003
 4.83351235230934e-001    1.24880382775120e+003
 4.87647690655209e-001    1.25167464114833e+003
 4.89795918367347e-001    1.25454545454545e+003
 4.94092373791622e-001    1.25741626794258e+003
 4.98388829215897e-001    1.26028708133971e+003
 5.02685284640172e-001    1.26315789473684e+003
 5.06981740064447e-001    1.26028708133971e+003
 5.11278195488722e-001    1.25741626794258e+003
 5.15574650912997e-001    1.25454545454545e+003
 5.19871106337272e-001    1.24880382775120e+003
 5.24167561761547e-001    1.24306220095694e+003
 5.30612244897959e-001    1.23444976076555e+003
 5.34908700322234e-001    1.22583732057416e+003
 5.39205155746509e-001    1.21722488038278e+003
 5.43501611170784e-001    1.20574162679426e+003
 5.45649838882922e-001    1.20000000000000e+003
 5.47798066595059e-001    1.19425837320574e+003
 5.52094522019334e-001    1.18564593301435e+003
 5.56390977443609e-001    1.17416267942584e+003
 5.60687432867884e-001    1.16267942583732e+003
 5.64983888292159e-001    1.15119617224880e+003
 5.69280343716434e-001    1.13971291866029e+003
 5.73576799140709e-001    1.12822966507177e+003
 5.75725026852846e-001    1.12248803827751e+003
 5.80021482277121e-001    1.11100478468900e+003
 5.82169709989259e-001    1.10239234449761e+003
 5.84317937701396e-001    1.09377990430622e+003
 5.86466165413534e-001    1.08516746411483e+003
 5.88614393125671e-001    1.07655502392345e+003
 5.90762620837809e-001    1.06794258373206e+003
 5.92910848549946e-001    1.05933014354067e+003
 5.95059076262084e-001    1.05071770334928e+003
 5.97207303974221e-001    1.04497607655502e+003
 5.99355531686359e-001    1.03636363636364e+003
 6.01503759398496e-001    1.03062200956938e+003
 6.03651987110634e-001    1.02488038277512e+003
 6.05800214822771e-001    1.01626794258373e+003
 6.07948442534909e-001    1.01052631578947e+003
 6.10096670247046e-001    1.00191387559809e+003
 6.14393125671321e-001    9.93301435406699e+002
 6.16541353383459e-001    9.84688995215311e+002
 6.18689581095596e-001    9.78947368421053e+002
 6.20837808807734e-001    9.70334928229665e+002
 6.22986036519871e-001    9.64593301435407e+002
 6.25134264232009e-001    9.55980861244019e+002
 6.27282491944146e-001    9.47368421052632e+002
 6.29430719656284e-001    9.41626794258373e+002
 6.31578947368421e-001    9.35885167464115e+002
 6.33727175080559e-001    9.27272727272727e+002
 6.35875402792696e-001    9.21531100478469e+002
 6.38023630504833e-001    9.15789473684211e+002
 6.40171858216971e-001    9.07177033492823e+002
 6.42320085929109e-001    8.98564593301435e+002
 6.44468313641246e-001    8.92822966507177e+002
 6.46616541353383e-001    8.87081339712919e+002
 6.48764769065521e-001    8.81339712918660e+002
 6.50912996777658e-001    8.72727272727273e+002
 6.53061224489796e-001    8.61244019138756e+002
 6.55209452201933e-001    8.55502392344498e+002
 6.57357679914071e-001    8.46889952153110e+002
 6.61654135338346e-001    8.38277511961723e+002
 6.63802363050483e-001    8.32535885167464e+002
 6.65950590762621e-001    8.23923444976077e+002
 6.68098818474758e-001    8.18181818181818e+002
 6.70247046186896e-001    8.09569377990431e+002
 6.72395273899033e-001    8.00956937799043e+002
 6.74543501611171e-001    7.95215311004785e+002
 6.76691729323308e-001    7.92344497607656e+002
 6.80988184747583e-001    7.83732057416268e+002
 6.83136412459721e-001    7.75119617224880e+002
 6.85284640171858e-001    7.66507177033493e+002
 6.87432867883996e-001    7.57894736842105e+002
 6.89581095596133e-001    7.55023923444976e+002
 6.91729323308271e-001    7.46411483253589e+002
 6.93877551020408e-001    7.40669856459330e+002
 6.96025778732546e-001    7.34928229665072e+002
 6.98174006444683e-001    7.29186602870813e+002
 7.00322234156821e-001    7.23444976076555e+002
 7.02470461868958e-001    7.17703349282297e+002
 7.04618689581096e-001    7.09090909090909e+002
 7.08915145005371e-001    7.03349282296651e+002
 7.11063372717508e-001    6.94736842105263e+002
 7.13211600429645e-001    6.88995215311005e+002
 7.17508055853921e-001    6.77511961722488e+002
 7.21804511278195e-001    6.68899521531101e+002
 7.23952738990333e-001    6.60287081339713e+002
 7.26100966702470e-001    6.51674641148325e+002
 7.30397422126745e-001    6.45933014354067e+002
 7.34693877551020e-001    6.34449760765550e+002
 7.38990332975295e-001    6.28708133971292e+002
 7.41138560687433e-001    6.20095693779904e+002
 7.43286788399570e-001    6.11483253588517e+002
 7.47583243823845e-001    6.05741626794258e+002
 7.49731471535983e-001    6.00000000000000e+002
 7.51879699248120e-001    5.94258373205742e+002
 7.56176154672395e-001    5.85645933014354e+002
 7.60472610096670e-001    5.77033492822967e+002
 7.64769065520945e-001    5.68421052631579e+002
 7.66917293233083e-001    5.56937799043062e+002
 7.71213748657358e-001    5.51196172248804e+002
 7.75510204081633e-001    5.45454545454546e+002
 7.79806659505908e-001    5.36842105263158e+002
 7.81954887218045e-001    5.31100478468900e+002
 7.86251342642320e-001    5.22488038277512e+002
 7.90547798066595e-001    5.11004784688995e+002
 7.92696025778733e-001    5.05263157894737e+002
 7.96992481203007e-001    4.99521531100478e+002
 7.99140708915145e-001    4.93779904306220e+002
 8.03437164339420e-001    4.85167464114833e+002
 8.07733619763695e-001    4.79425837320574e+002
 8.12030075187970e-001    4.67942583732057e+002
 8.14178302900107e-001    4.62200956937799e+002
 8.18474758324382e-001    4.56459330143541e+002
 8.22771213748657e-001    4.47846889952153e+002
 8.29215896885070e-001    4.36363636363636e+002
 8.31364124597207e-001    4.30622009569378e+002
 8.35660580021482e-001    4.22009569377990e+002
 8.39957035445757e-001    4.16267942583732e+002
 8.44253490870032e-001    4.07655502392344e+002
 8.46401718582170e-001    4.04784688995215e+002
 8.50698174006445e-001    3.96172248803828e+002
 8.54994629430720e-001    3.90430622009569e+002
 8.57142857142857e-001    3.84688995215311e+002
 8.61439312567132e-001    3.78947368421053e+002
 8.63587540279270e-001    3.73205741626794e+002
 8.67883995703545e-001    3.67464114832536e+002
 8.72180451127820e-001    3.61722488038278e+002
 8.78625134264232e-001    3.55980861244019e+002
 8.80773361976369e-001    3.47368421052632e+002
 8.87218045112782e-001    3.38755980861244e+002
 8.89366272824919e-001    3.33014354066986e+002
 8.93662728249194e-001    3.27272727272727e+002
 8.97959183673469e-001    3.21531100478469e+002
 9.04403866809882e-001    3.10047846889952e+002
 9.08700322234157e-001    3.04306220095694e+002
 9.12996777658432e-001    2.95693779904306e+002
 9.17293233082707e-001    2.87081339712919e+002
 9.21589688506982e-001    2.81339712918660e+002
 9.28034371643394e-001    2.72727272727273e+002
 9.32330827067669e-001    2.66985645933014e+002
 9.38775510204082e-001    2.61244019138756e+002
 9.40923737916219e-001    2.55502392344498e+002
 9.45220193340494e-001    2.46889952153110e+002
 9.49516648764769e-001    2.41148325358852e+002
 9.53813104189044e-001    2.38277511961722e+002
 9.55961331901181e-001    2.32535885167464e+002
 9.60257787325457e-001    2.26794258373206e+002
 9.64554242749731e-001    2.23923444976077e+002
 9.68850698174006e-001    2.15311004784689e+002
 9.73147153598281e-001    2.09569377990431e+002
 9.79591836734694e-001    2.00956937799043e+002
 9.86036519871106e-001    1.92344497607656e+002
 9.94629430719656e-001    1.80861244019139e+002
 1.00107411385607e+000    1.72248803827751e+002
 1.00751879699248e+000    1.63636363636364e+002
 1.01181525241676e+000    1.57894736842105e+002
 1.01611170784103e+000    1.55023923444976e+002
 1.02040816326531e+000    1.49282296650718e+002
 1.02470461868958e+000    1.40669856459330e+002
 1.02900107411386e+000    1.37799043062201e+002
 1.03329752953813e+000    1.32057416267943e+002
 1.03759398496241e+000    1.26315789473684e+002
 1.04618689581096e+000    1.17703349282297e+002
 1.04833512352309e+000    1.11961722488038e+002
 1.05048335123523e+000    1.09090909090909e+002
 1.05477980665951e+000    1.06220095693780e+002
 1.05907626208378e+000    1.03349282296651e+002
 1.06337271750806e+000    9.76076555023923e+001
 1.06766917293233e+000    9.18660287081340e+001
 1.07196562835661e+000    8.89952153110048e+001
 1.07626208378088e+000    8.61244019138756e+001
 1.08055853920516e+000    8.03827751196172e+001
 1.08485499462943e+000    7.46411483253589e+001
 1.09129967776584e+000    6.88995215311005e+001
 1.09559613319012e+000    6.31578947368421e+001
 1.10204081632653e+000    5.74162679425837e+001
 1.10633727175081e+000    5.45454545454545e+001
 1.11493018259936e+000    4.59330143540670e+001
 1.12137486573577e+000    4.30622009569378e+001
 1.12781954887218e+000    3.73205741626794e+001
 1.13211600429646e+000    3.44497607655502e+001
 1.13856068743287e+000    2.87081339712919e+001
 1.14500537056928e+000    2.58373205741627e+001
 1.15359828141783e+000    2.00956937799043e+001
 1.16004296455424e+000    1.72248803827751e+001
 1.16648764769066e+000    1.43540669856459e+001
 1.17078410311493e+000    1.14832535885167e+001
 1.17937701396348e+000    8.61244019138756e+000
 1.18367346938776e+000    5.74162679425837e+000
 1.19226638023631e+000    2.87081339712919e+000
 1.20300751879699e+000    0.00000000000000e+000
 1.24812030075188e+000    0.00000000000000e+000
 1.26960257787325e+000    2.87081339712919e+000
 1.28034371643394e+000    5.74162679425837e+000
 1.28893662728249e+000    5.74162679425837e+000
 1.29538131041890e+000    8.61244019138756e+000
 1.29967776584318e+000    1.14832535885167e+001
 1.30397422126745e+000    1.14832535885167e+001
 1.31041890440387e+000    1.43540669856459e+001
 1.31471535982814e+000    1.72248803827751e+001
 1.32116004296455e+000    1.72248803827751e+001
 1.33190118152524e+000    1.72248803827751e+001
 1.34693877551020e+000    2.00956937799043e+001
 1.35767991407089e+000    2.29665071770335e+001
 1.37271750805585e+000    2.58373205741627e+001
 1.37916219119227e+000    2.58373205741627e+001
 1.39205155746509e+000    2.87081339712919e+001
 1.39849624060150e+000    2.87081339712919e+001
 1.41138560687433e+000    2.87081339712919e+001
 1.41783029001074e+000    2.87081339712919e+001
 1.43071965628357e+000    2.87081339712919e+001
 1.44360902255639e+000    2.87081339712919e+001
 1.45005370569280e+000    2.87081339712919e+001
 1.46079484425349e+000    2.58373205741627e+001
 1.46938775510204e+000    2.58373205741627e+001
 1.48442534908700e+000    2.58373205741627e+001
 1.49516648764769e+000    2.58373205741627e+001
 1.50375939849624e+000    2.29665071770335e+001
 1.51664876476907e+000    2.29665071770335e+001
 1.52738990332975e+000    2.00956937799043e+001
 1.53598281417830e+000    2.00956937799043e+001
 1.54457572502685e+000    2.00956937799043e+001
 1.55531686358754e+000    1.72248803827751e+001
 1.56390977443609e+000    1.72248803827751e+001
 1.57250268528464e+000    1.43540669856459e+001
 1.57679914070892e+000    1.43540669856459e+001
 1.58968850698174e+000    1.14832535885167e+001
 1.59828141783029e+000    1.14832535885167e+001
 1.60472610096670e+000    8.61244019138756e+000
 1.61331901181525e+000    8.61244019138756e+000
 1.62191192266380e+000    8.61244019138756e+000
 1.63480128893663e+000    8.61244019138756e+000
 1.64339419978518e+000    5.74162679425837e+000
 1.65628356605800e+000    0.00000000000000e+000
 1.67776584317938e+000    0.00000000000000e+000
 1.69065520945220e+000    0.00000000000000e+000
 2.00000000000000e+000    0.00000000000000e+000
