 7.76988984088127e+000    1.262437811e+002
 7.79436964504284e+000    1.12313432835821e+002
 7.81884944920441e+000    1.16666666666667e+002
 8.43084455324357e+000    8.09701492537314e+001
 8.45532435740514e+000    9.373963516e+001
 9.09179926560588e+000    1.3249378109e+002
 9.99755201958384e+000    1.516791045e+002
 9.94859241126071e+000    1.52363184079602e+002
 9.97307221542228e+000    1.57587064676617e+002
 1.08053855569155e+001    1.72388059701493e+002
 1.08298653610771e+001    1.919776119e+002
 1.18824969400245e+001    1.58457711442786e+002
 1.18090575275398e+001    2.059079602e+002
 1.19069767441860e+001    2.12437810945274e+002
 1.34736842105263e+001    1.41044776119403e+002
 1.34247246022032e+001    1.641169154e+002
 1.34981640146879e+001    1.62810945273632e+002
 1.51872705018360e+001    6.96517412935323e+001
 1.50403916768666e+001    7.57462686567164e+001
 1.50893512851897e+001    7.74875621890547e+001
 1.51383108935129e+001    7.92288557213930e+001
 1.78800489596083e+001    4.35323383084577e+000
 1.78800489596083e+001    3.22139303482587e+001
 1.78310893512852e+001    3.30845771144279e+001
 1.77821297429621e+001    3.48258706467662e+001
 2.07441860465116e+001    1.65422885572139e+001
 2.06952264381885e+001    1.74129353233831e+001
