 3.09424724602203e+000    6.96517412935323e+000
 3.19216646266830e+000    1.04477611940299e+001
 3.26560587515300e+000    1.30597014925373e+001
 3.33904528763770e+000    1.56716417910448e+001
 3.41248470012240e+000    1.91542288557214e+001
 3.48592411260710e+000    2.26368159203980e+001
 3.55936352509180e+000    2.61194029850746e+001
 3.63280293757650e+000    2.96019900497512e+001
 3.68176254589963e+000    3.22139303482587e+001
 3.75520195838433e+000    3.56965174129353e+001
 3.82864137086903e+000    4.00497512437811e+001
 3.90208078335373e+000    4.44029850746269e+001
 3.97552019583843e+000    4.87562189054726e+001
 4.02447980416157e+000    5.13681592039801e+001
 4.07343941248470e+000    5.39800995024876e+001
 4.14687882496940e+000    5.83333333333333e+001
 4.22031823745410e+000    6.18159203980100e+001
 4.31823745410037e+000    6.70398009950249e+001
 4.39167686658507e+000    7.13930348258706e+001
 4.51407588739290e+000    7.74875621890547e+001
 4.58751529987760e+000    8.09701492537314e+001
 4.70991432068544e+000    8.61940298507463e+001
 4.78335373317013e+000    8.96766169154229e+001
 4.93023255813953e+000    9.49004975124378e+001
 5.00367197062424e+000    9.75124378109453e+001
 5.10159118727050e+000    1.00995024875622e+002
 5.22399020807834e+000    1.04477611940299e+002
 5.34638922888617e+000    1.07089552238806e+002
 5.44430844553244e+000    1.09701492537313e+002
 5.49326805385557e+000    1.10572139303483e+002
 5.56670746634027e+000    1.12313432835821e+002
 5.64014687882497e+000    1.13184079601990e+002
 5.73806609547124e+000    1.15796019900498e+002
 5.86046511627907e+000    1.18407960199005e+002
 5.93390452876377e+000    1.20149253731343e+002
 6.00734394124847e+000    1.21019900497512e+002
 6.12974296205630e+000    1.23631840796020e+002
 6.25214198286414e+000    1.25373134328358e+002
 6.44798041615667e+000    1.28855721393035e+002
 6.69277845777234e+000    1.32338308457711e+002
 6.79069767441860e+000    1.34079601990050e+002
 7.05997552019584e+000    1.37562189054726e+002
 7.13341493268054e+000    1.38432835820896e+002
 7.20685434516524e+000    1.39303482587065e+002
 7.28029375764994e+000    1.40174129353234e+002
 7.35373317013464e+000    1.41044776119403e+002
 7.52509179926561e+000    1.42786069651741e+002
 7.59853121175031e+000    1.43656716417910e+002
 7.69645042839657e+000    1.44527363184080e+002
 7.76988984088127e+000    1.45398009950249e+002
 7.84332925336597e+000    1.46268656716418e+002
 7.91676866585067e+000    1.47139303482587e+002
 7.99020807833537e+000    1.48009950248756e+002
 8.18604651162791e+000    1.49751243781095e+002
 8.25948592411261e+000    1.50621890547264e+002
 8.33292533659731e+000    1.51492537313433e+002
 8.40636474908201e+000    1.52363184079602e+002
 8.45532435740514e+000    1.53233830845771e+002
 8.52876376988984e+000    1.54104477611940e+002
 8.67564259485924e+000    1.55845771144279e+002
 8.77356181150551e+000    1.56716417910448e+002
 8.94492044063647e+000    1.59328358208955e+002
 9.11627906976744e+000    1.61940298507463e+002
 9.31211750305998e+000    1.64552238805970e+002
 9.43451652386781e+000    1.66293532338308e+002
 9.53243574051407e+000    1.68034825870647e+002
 9.60587515299878e+000    1.69776119402985e+002
 9.85067319461444e+000    1.74129353233831e+002
 9.92411260709914e+000    1.75870646766169e+002
 1.00465116279070e+001    1.78482587064677e+002
 1.01444308445532e+001    1.81094527363184e+002
 1.03157894736842e+001    1.85447761194030e+002
 1.04137086903305e+001    1.88059701492537e+002
 1.05116279069767e+001    1.90671641791045e+002
 1.06585067319461e+001    1.95024875621891e+002
 1.08053855569155e+001    1.99378109452736e+002
 1.10991432068543e+001    2.09825870646766e+002
 1.15397796817625e+001    2.25497512437811e+002
 1.16621787025704e+001    2.29850746268657e+002
 1.17600979192166e+001    2.32462686567164e+002
 1.18335373317013e+001    2.34203980099503e+002
 1.19314565483476e+001    2.35945273631841e+002
 1.20048959608323e+001    2.36815920398010e+002
 1.21517747858017e+001    2.36815920398010e+002
 1.22496940024480e+001    2.35945273631841e+002
 1.23231334149327e+001    2.34203980099503e+002
 1.25189718482252e+001    2.27238805970149e+002
 1.26413708690330e+001    2.20273631840796e+002
 1.26903304773562e+001    2.16791044776119e+002
 1.27392900856793e+001    2.14179104477612e+002
 1.27637698898409e+001    2.12437810945274e+002
 1.28127294981640e+001    2.08955223880597e+002
 1.28861689106487e+001    2.02860696517413e+002
 1.29840881272950e+001    1.96766169154229e+002
 1.30575275397797e+001    1.90671641791045e+002
 1.31309669522644e+001    1.85447761194030e+002
 1.31799265605875e+001    1.81094527363184e+002
 1.32533659730722e+001    1.75870646766169e+002
 1.33268053855569e+001    1.70646766169154e+002
 1.34981640146879e+001    1.57587064676617e+002
 1.35471236230110e+001    1.54104477611940e+002
 1.35960832313341e+001    1.51492537313433e+002
 1.36695226438189e+001    1.46268656716418e+002
 1.37184822521420e+001    1.43656716417910e+002
 1.37429620563035e+001    1.41915422885572e+002
 1.37919216646267e+001    1.39303482587065e+002
 1.38408812729498e+001    1.35820895522388e+002
 1.38898408812729e+001    1.32338308457711e+002
 1.39877600979192e+001    1.27114427860697e+002
 1.40611995104039e+001    1.23631840796020e+002
 1.41101591187271e+001    1.21019900497512e+002
 1.41591187270502e+001    1.18407960199005e+002
 1.42570379436964e+001    1.14054726368159e+002
 1.43549571603427e+001    1.09701492537313e+002
 1.44283965728274e+001    1.06218905472637e+002
 1.45018359853121e+001    1.02736318407960e+002
 1.45752753977968e+001    1.00124378109453e+002
 1.46487148102815e+001    9.75124378109453e+001
 1.49179926560588e+001    8.79353233830846e+001
 1.50403916768666e+001    8.35820895522388e+001
 1.52607099143207e+001    7.74875621890547e+001
 1.53831089351285e+001    7.48756218905473e+001
 1.55055079559364e+001    7.13930348258706e+001
 1.57503059975520e+001    6.61691542288557e+001
 1.59951040391677e+001    6.09452736318408e+001
 1.61909424724602e+001    5.74626865671642e+001
 1.63133414932681e+001    5.57213930348259e+001
 1.66070991432069e+001    5.13681592039801e+001
 1.69742962056304e+001    4.61442786069652e+001
 1.74394124847001e+001    4.09203980099502e+001
 1.76107711138311e+001    3.91791044776119e+001
 1.80269277845777e+001    3.56965174129353e+001
 1.82472460220318e+001    3.39552238805970e+001
 1.85899632802938e+001    3.13432835820896e+001
 1.87613219094247e+001    3.04726368159204e+001
 1.88592411260710e+001    2.96019900497512e+001
 1.91529987760098e+001    2.78606965174129e+001
 1.92998776009792e+001    2.69900497512438e+001
 1.94467564259486e+001    2.61194029850746e+001
 1.97160342717258e+001    2.52487562189055e+001
 1.98873929008568e+001    2.43781094527363e+001
 2.00342717258262e+001    2.35074626865672e+001
 2.02790697674419e+001    2.26368159203980e+001
 2.04749082007344e+001    2.17661691542289e+001
 2.06217870257038e+001    2.08955223880597e+001
 2.08176254589963e+001    2.00248756218905e+001
 2.10624235006120e+001    1.91542288557214e+001
 2.13806609547124e+001    1.82835820895522e+001
 2.18947368421053e+001    1.74129353233831e+001
 2.22374541003672e+001    1.65422885572139e+001
 2.25556915544676e+001    1.56716417910448e+001
 2.30208078335373e+001    1.48009950248756e+001
 2.34859241126071e+001    1.39303482587065e+001
 2.40979192166463e+001    1.30597014925373e+001
 2.46609547123623e+001    1.21890547263682e+001
 2.50036719706242e+001    1.13184079601990e+001
