 3.04528763769890e+000    8.70646766169154e-001
 3.09424724602203e+000    1.74129353233831e+000
 3.16768665850673e+000    3.48258706467662e+000
 3.24112607099143e+000    5.22388059701492e+000
 3.31456548347613e+000    7.83582089552239e+000
 3.46144430844553e+000    1.39303482587065e+001
 3.65728274173807e+000    2.35074626865672e+001
 3.80416156670747e+000    3.30845771144279e+001
 3.87760097919217e+000    3.74378109452736e+001
 3.95104039167687e+000    4.17910447761194e+001
 4.04895960832313e+000    4.70149253731343e+001
 4.17135862913097e+000    5.39800995024876e+001
 4.26927784577723e+000    6.00746268656716e+001
 4.39167686658507e+000    6.70398009950249e+001
 4.53855569155447e+000    7.57462686567164e+001
 4.70991432068544e+000    8.44527363184080e+001
 4.85679314565483e+000    9.14179104477612e+001
 5.00367197062424e+000    9.75124378109453e+001
 5.10159118727050e+000    1.00995024875622e+002
 5.29742962056304e+000    1.08830845771144e+002
 5.44430844553244e+000    1.14054726368159e+002
 5.64014687882497e+000    1.21019900497512e+002
 5.81150550795594e+000    1.27985074626866e+002
 5.98286413708690e+000    1.35820895522388e+002
 6.10526315789474e+000    1.41044776119403e+002
 6.22766217870257e+000    1.46268656716418e+002
 6.30110159118727e+000    1.50621890547264e+002
 6.37454100367197e+000    1.54975124378109e+002
 6.44798041615667e+000    1.59328358208955e+002
 6.52141982864137e+000    1.63681592039801e+002
 6.59485924112607e+000    1.68034825870647e+002
 6.64381884944920e+000    1.71517412935323e+002
 6.76621787025704e+000    1.80223880597015e+002
 6.83965728274174e+000    1.85447761194030e+002
 6.93757649938800e+000    1.93283582089552e+002
 7.01101591187270e+000    2.00248756218905e+002
 7.05997552019584e+000    2.05472636815920e+002
 7.10893512851897e+000    2.11567164179104e+002
 7.18237454100367e+000    2.19402985074627e+002
 7.25581395348837e+000    2.27238805970149e+002
 7.30477356181150e+000    2.33333333333333e+002
 7.35373317013464e+000    2.40298507462687e+002
 7.42717258261934e+000    2.49004975124378e+002
 7.47613219094247e+000    2.56840796019900e+002
 7.50061199510404e+000    2.60323383084577e+002
 7.52509179926561e+000    2.63805970149254e+002
 7.54957160342717e+000    2.68159203980100e+002
 7.57405140758874e+000    2.72512437810945e+002
 7.59853121175031e+000    2.75995024875622e+002
 7.62301101591187e+000    2.80348258706468e+002
 7.64749082007344e+000    2.84701492537313e+002
 7.69645042839657e+000    2.92537313432836e+002
 7.72093023255814e+000    2.96890547263682e+002
 7.74541003671971e+000    3.00373134328358e+002
 7.76988984088127e+000    3.05597014925373e+002
 7.79436964504284e+000    3.10820895522388e+002
 7.81884944920441e+000    3.14303482587065e+002
 7.84332925336597e+000    3.18656716417910e+002
 7.86780905752754e+000    3.23009950248756e+002
 7.89228886168911e+000    3.27363184079602e+002
 7.91676866585067e+000    3.29975124378109e+002
 7.94124847001224e+000    3.33457711442786e+002
 7.96572827417381e+000    3.36069651741294e+002
 7.99020807833537e+000    3.39552238805970e+002
 8.01468788249694e+000    3.42164179104478e+002
 8.03916768665851e+000    3.44776119402985e+002
 8.06364749082007e+000    3.45646766169154e+002
 8.08812729498164e+000    3.46517412935323e+002
 8.11260709914321e+000    3.47388059701493e+002
 8.13708690330477e+000    3.47388059701493e+002
 8.16156670746634e+000    3.46517412935323e+002
 8.18604651162791e+000    3.45646766169154e+002
 8.21052631578947e+000    3.43905472636816e+002
 8.23500611995104e+000    3.43034825870647e+002
 8.25948592411261e+000    3.40422885572139e+002
 8.28396572827417e+000    3.37810945273632e+002
 8.30844553243574e+000    3.34328358208955e+002
 8.33292533659731e+000    3.29975124378109e+002
 8.35740514075887e+000    3.26492537313433e+002
 8.38188494492044e+000    3.23009950248756e+002
 8.40636474908201e+000    3.19527363184080e+002
 8.43084455324357e+000    3.13432835820896e+002
 8.45532435740514e+000    3.08208955223881e+002
 8.47980416156671e+000    3.02985074626866e+002
 8.50428396572827e+000    2.97761194029851e+002
 8.52876376988984e+000    2.93407960199005e+002
 8.55324357405141e+000    2.87313432835821e+002
 8.57772337821297e+000    2.82089552238806e+002
 8.60220318237454e+000    2.77736318407960e+002
 8.62668298653611e+000    2.72512437810945e+002
 8.65116279069768e+000    2.68159203980100e+002
 8.67564259485924e+000    2.63805970149254e+002
 8.70012239902081e+000    2.58582089552239e+002
 8.72460220318237e+000    2.54228855721393e+002
 8.74908200734394e+000    2.49875621890547e+002
 8.77356181150551e+000    2.45522388059702e+002
 8.79804161566707e+000    2.41169154228856e+002
 8.82252141982864e+000    2.35945273631841e+002
 8.84700122399021e+000    2.32462686567164e+002
 8.87148102815177e+000    2.28980099502488e+002
 8.89596083231334e+000    2.24626865671642e+002
 8.92044063647491e+000    2.21144278606965e+002
 8.94492044063647e+000    2.16791044776119e+002
 8.96940024479804e+000    2.11567164179104e+002
 8.99388004895961e+000    2.08084577114428e+002
 9.01835985312118e+000    2.04601990049751e+002
 9.04283965728274e+000    2.00248756218905e+002
 9.06731946144431e+000    1.97636815920398e+002
 9.09179926560588e+000    1.94154228855721e+002
 9.11627906976744e+000    1.90671641791045e+002
 9.14075887392901e+000    1.87189054726368e+002
 9.16523867809058e+000    1.82835820895522e+002
 9.18971848225214e+000    1.78482587064677e+002
 9.23867809057528e+000    1.72388059701493e+002
 9.28763769889841e+000    1.66293532338308e+002
 9.33659730722154e+000    1.59328358208955e+002
 9.41003671970624e+000    1.49751243781095e+002
 9.50795593635251e+000    1.40174129353234e+002
 9.60587515299878e+000    1.30597014925373e+002
 9.70379436964504e+000    1.21890547263682e+002
 9.80171358629131e+000    1.14054726368159e+002
 9.87515299877601e+000    1.08830845771144e+002
 9.97307221542228e+000    1.00995024875622e+002
 1.00709914320685e+001    9.57711442786070e+001
 1.01689106487148e+001    9.14179104477612e+001
 1.03647490820073e+001    8.44527363184080e+001
 1.04871481028152e+001    8.00995024875622e+001
 1.06340269277846e+001    7.57462686567164e+001
 1.08053855569155e+001    7.05223880597015e+001
 1.09277845777234e+001    6.70398009950249e+001
 1.10501835985312e+001    6.35572139303483e+001
 1.11970624235006e+001    6.09452736318408e+001
 1.13439412484700e+001    5.74626865671642e+001
 1.14663402692778e+001    5.48507462686567e+001
 1.16376988984088e+001    5.31094527363184e+001
 1.17845777233782e+001    5.04975124378109e+001
 1.19559363525092e+001    4.78855721393035e+001
 1.22007343941248e+001    4.52736318407960e+001
 1.23965728274174e+001    4.35323383084577e+001
 1.25189718482252e+001    4.26616915422886e+001
 1.26658506731946e+001    4.17910447761194e+001
 1.27882496940024e+001    4.09203980099502e+001
 1.29596083231334e+001    4.00497512437811e+001
 1.31309669522644e+001    3.91791044776119e+001
 1.33023255813953e+001    3.83084577114428e+001
 1.36450428396573e+001    3.83084577114428e+001
 1.39877600979192e+001    3.74378109452736e+001
 1.43059975520196e+001    3.83084577114428e+001
 1.44528763769890e+001    3.91791044776119e+001
 1.45752753977968e+001    4.00497512437811e+001
 1.46976744186047e+001    4.09203980099502e+001
 1.48200734394125e+001    4.17910447761194e+001
 1.49424724602203e+001    4.26616915422886e+001
 1.50403916768666e+001    4.35323383084577e+001
 1.51138310893513e+001    4.44029850746269e+001
 1.51872705018360e+001    4.52736318407960e+001
 1.52607099143207e+001    4.61442786069652e+001
 1.56523867809058e+001    4.61442786069652e+001
 1.57258261933905e+001    4.44029850746269e+001
 1.59216646266830e+001    4.00497512437811e+001
 1.60685434516524e+001    3.65671641791045e+001
 1.62154222766218e+001    3.30845771144279e+001
 1.65091799265606e+001    2.61194029850746e+001
 1.66805385556916e+001    2.35074626865672e+001
 1.68274173806610e+001    2.08955223880597e+001
 1.70232558139535e+001    1.82835820895522e+001
 1.71701346389229e+001    1.65422885572139e+001
 1.72435740514076e+001    1.56716417910448e+001
 1.73414932680539e+001    1.48009950248756e+001
 1.74394124847001e+001    1.39303482587065e+001
 1.75128518971848e+001    1.30597014925373e+001
 1.75862913096695e+001    1.21890547263682e+001
 1.77086903304774e+001    1.13184079601990e+001
 1.78555691554468e+001    1.04477611940299e+001
 1.80024479804162e+001    9.57711442786070e+000
 1.81738066095471e+001    8.70646766169154e+000
 1.83206854345165e+001    7.83582089552239e+000
 1.85165238678091e+001    6.96517412935323e+000
 1.87123623011016e+001    6.09452736318408e+000
 1.89326805385557e+001    5.22388059701492e+000
 1.92998776009792e+001    4.35323383084577e+000
 1.97894736842105e+001    3.48258706467662e+000
 2.03035495716034e+001    2.61194029850746e+000
 2.10869033047736e+001    1.74129353233831e+000
 2.20660954712362e+001    8.70646766169154e-001
 2.39510403916769e+001    0.00000000000000e+000
