 7.79436964504284e+000    2.385572139e+002
 7.81884944920441e+000    2.87313432835821e+002
 8.43084455324357e+000    1.070895522e+002
 9.06731946144431e+000    2.211442786e+002
 9.09179926560588e+000    2.315920398e+002
 9.99755201958384e+000    1.02300995e+002
 1.08053855569155e+001    7.31343283582089e+001
 1.08298653610771e+001    7.48756218905473e+001
 1.19314565483476e+001    4.35323383084577e+001
 1.17845777233782e+001    4.61442786069652e+001
 1.18090575275398e+001    4.70149253731343e+001
 1.34492044063648e+001    2.69900497512438e+001
 1.35226438188494e+001    2.87313432835821e+001
 1.34981640146879e+001    3.22139303482587e+001
 1.50893512851897e+001    3.30845771144279e+001
 1.77576499388005e+001    8.70646766169154e+000
 1.77331701346389e+001    9.57711442786070e+000
 2.07197062423501e+001    2.61194029850746e+000
