 5.01046511627907e+000    1.32158590308370e+000
 5.50232558139535e+000    6.34361233480176e+000
 6.00465116279070e+000    1.63876651982379e+001
 6.49651162790698e+000    6.26431718061674e+001
 6.99883720930233e+000    9.35682819383260e+001
 7.50116279069768e+000    1.13920704845815e+002
 7.99302325581395e+000    1.04140969162996e+002
 8.49534883720930e+000    6.84581497797357e+001
 8.99767441860465e+000    3.96475770925110e+001
 9.51046511627907e+000    2.37885462555066e+001
 1.00023255813954e+001    1.71806167400881e+001
 1.05046511627907e+001    5.02202643171806e+000
 1.10069767441860e+001    6.87224669603524e+000
 1.20116279069767e+001    6.87224669603524e+000
 1.40104651162791e+001    5.28634361233480e-001
