 2.00000000000000e-001    0.00000000000000e+000
 3.48437500000000e-001    0.00000000000000e+000
 4.29166666666667e-001    4.83870967741935e-002
 4.60416666666667e-001    1.45161290322581e-001
 4.69531250000000e-001    1.93548387096774e-001
 4.77343750000000e-001    2.41935483870968e-001
 4.83854166666667e-001    2.90322580645161e-001
 4.90364583333333e-001    3.38709677419355e-001
 4.99479166666667e-001    4.35483870967742e-001
 5.07291666666667e-001    5.32258064516129e-001
 5.12500000000000e-001    6.29032258064516e-001
 5.19010416666667e-001    7.74193548387097e-001
 5.26822916666667e-001    1.06451612903226e+000
 5.30729166666667e-001    1.20967741935484e+000
 5.35937500000000e-001    1.50000000000000e+000
 5.41145833333333e-001    1.83870967741935e+000
 5.45052083333333e-001    2.17741935483871e+000
 5.47656250000000e-001    2.41935483870968e+000
 5.50260416666667e-001    2.61290322580645e+000
 5.52864583333333e-001    2.75806451612903e+000
 5.55468750000000e-001    2.90322580645161e+000
 5.58072916666667e-001    3.00000000000000e+000
 5.60677083333333e-001    3.04838709677419e+000
 5.63281250000000e-001    3.00000000000000e+000
 5.72395833333333e-001    2.70967741935484e+000
 5.81510416666667e-001    2.46774193548387e+000
 5.89322916666667e-001    2.37096774193548e+000
 5.97135416666667e-001    2.32258064516129e+000
 6.04947916666667e-001    2.32258064516129e+000
 6.12760416666667e-001    2.37096774193548e+000
 6.20572916666667e-001    2.46774193548387e+000
 6.27083333333333e-001    2.56451612903226e+000
 6.38802083333333e-001    2.80645161290323e+000
 6.46614583333333e-001    3.04838709677419e+000
 6.57031250000000e-001    3.38709677419355e+000
 6.63541666666667e-001    3.67741935483871e+000
 6.73958333333333e-001    4.16129032258065e+000
 6.83072916666667e-001    4.69354838709677e+000
 6.89583333333333e-001    5.03225806451613e+000
 6.94791666666667e-001    5.27419354838710e+000
 7.02604166666667e-001    5.61290322580645e+000
 7.06510416666667e-001    5.70967741935484e+000
 7.14322916666667e-001    5.85483870967742e+000
 7.19531250000000e-001    5.95161290322581e+000
 7.26041666666667e-001    6.00000000000000e+000
 7.31250000000000e-001    6.04838709677419e+000
 7.41666666666667e-001    6.09677419354839e+000
 7.52083333333333e-001    6.09677419354839e+000
 7.54687500000000e-001    6.04838709677419e+000
 7.65104166666667e-001    5.85483870967742e+000
 7.69010416666667e-001    5.75806451612903e+000
 7.76822916666667e-001    5.95161290322581e+000
 7.80729166666667e-001    6.09677419354839e+000
 7.82031250000000e-001    6.48387096774194e+000
 7.85937500000000e-001    7.45161290322581e+000
 7.89843750000000e-001    8.17741935483871e+000
 7.96354166666667e-001    8.56451612903226e+000
 8.00260416666667e-001    8.66129032258064e+000
 8.04166666666667e-001    8.27419354838710e+000
 8.08072916666667e-001    7.74193548387097e+000
 8.09375000000000e-001    7.54838709677419e+000
 8.10677083333333e-001    7.54838709677419e+000
 8.11979166666667e-001    8.22580645161290e+000
 8.13281250000000e-001    8.75806451612903e+000
 8.14583333333333e-001    9.14516129032258e+000
 8.17187500000000e-001    1.03064516129032e+001
 8.19791666666667e-001    1.10806451612903e+001
 8.21093750000000e-001    1.14677419354839e+001
 8.28906250000000e-001    1.20000000000000e+001
 8.30208333333333e-001    1.20483870967742e+001
 8.34114583333333e-001    1.20483870967742e+001
 8.39322916666667e-001    1.20000000000000e+001
 8.41927083333333e-001    1.17580645161290e+001
 8.44531250000000e-001    1.12258064516129e+001
 8.52343750000000e-001    1.00161290322581e+001
 8.57552083333333e-001    9.00000000000000e+000
 8.64062500000000e-001    7.69354838709677e+000
 8.69270833333333e-001    6.91935483870968e+000
 8.75781250000000e-001    6.04838709677419e+000
 8.79687500000000e-001    5.41935483870968e+000
 8.87500000000000e-001    4.74193548387097e+000
 8.94010416666667e-001    4.16129032258065e+000
 8.99218750000000e-001    3.82258064516129e+000
 9.03125000000000e-001    3.58064516129032e+000
 9.08333333333333e-001    3.29032258064516e+000
 9.17447916666667e-001    2.85483870967742e+000
 9.21354166666667e-001    2.70967741935484e+000
 9.29166666666667e-001    2.46774193548387e+000
 9.36979166666667e-001    2.22580645161290e+000
 9.50000000000000e-001    1.88709677419355e+000
 9.68229166666667e-001    1.54838709677419e+000
 9.79947916666667e-001    1.40322580645161e+000
 9.90364583333333e-001    1.25806451612903e+000
 1.00338541666667e+000    1.11290322580645e+000
 1.02552083333333e+000    9.19354838709677e-001
 1.04505208333333e+000    7.74193548387097e-001
 1.06328125000000e+000    6.29032258064516e-001
 1.07630208333333e+000    5.32258064516129e-001
 1.10104166666667e+000    3.87096774193548e-001
 1.12838541666667e+000    2.41935483870968e-001
 1.14791666666667e+000    1.93548387096774e-001
 1.16614583333333e+000    1.45161290322581e-001
 1.18046875000000e+000    1.45161290322581e-001
 1.19739583333333e+000    9.67741935483871e-002
 1.20000000000000e+000    9.67741935483871e-002
