 1.70720299345182e+000    2.08816705336427e-001
 2.68942937324602e+000    5.22041763341067e-001
 3.64826941066417e+000    2.40139211136891e+000
 3.71842843779233e+000    2.54060324825986e+000
 3.76520112254443e+000    2.67981438515081e+000
 4.65388213283442e+000    4.94199535962877e+000
 5.63610851262863e+000    1.04408352668213e+001
 6.66510757717493e+000    1.44083526682135e+001
 7.67072029934518e+000    1.46867749419954e+001
 8.65294667913938e+000    1.29466357308585e+001
 9.51824134705332e+000    1.09628770301624e+001
 9.70533208606174e+000    1.05452436194896e+001
 1.02198316183349e+001    9.53596287703016e+000
 1.07109448082320e+001    8.56148491879350e+000
 1.17165575304022e+001    7.06496519721578e+000
 1.26052385406922e+001    5.74245939675174e+000
 1.26987839101964e+001    5.63805104408353e+000
 1.34705332086062e+001    4.87238979118329e+000
 1.42422825070159e+001    4.17633410672854e+000
 1.48737137511693e+001    3.61948955916473e+000
 1.55051449953227e+001    3.13225058004640e+000
 1.56922357343312e+001    2.99303944315545e+000
 1.76566884939196e+001    2.01856148491879e+000
 1.78671655753040e+001    1.94895591647332e+000
 2.05565949485500e+001    1.14849187935035e+000
 2.07670720299345e+001    1.07888631090487e+000
 2.16557530402245e+001    1.00928074245940e+000
 2.19831618334892e+001    9.39675174013921e-001
 2.27315247895229e+001    8.00464037122970e-001
 2.41347053320861e+001    6.61252900232019e-001
 2.50000000000000e+001    5.91647331786543e-001
