 2.00000000000000e-001    0.00000000000000e+000
 2.59895833333333e-001    0.00000000000000e+000
 2.91145833333333e-001    1.32890365448505e-001
 3.39322916666667e-001    2.65780730897010e-001
 3.47135416666667e-001    3.98671096345515e-001
 3.54947916666667e-001    5.31561461794020e-001
 3.61458333333333e-001    6.64451827242525e-001
 3.66666666666667e-001    7.97342192691030e-001
 3.73177083333333e-001    1.19601328903654e+000
 3.83593750000000e-001    1.86046511627907e+000
 3.91406250000000e-001    2.25913621262458e+000
 4.03125000000000e-001    2.12624584717608e+000
 4.10937500000000e-001    1.99335548172757e+000
 4.18750000000000e-001    1.99335548172757e+000
 4.35677083333333e-001    2.12624584717608e+000
 4.39583333333333e-001    2.25913621262458e+000
 4.43489583333333e-001    2.39202657807309e+000
 4.48697916666667e-001    2.65780730897010e+000
 4.64322916666667e-001    4.25249169435216e+000
 4.73437500000000e-001    5.31561461794020e+000
 4.83854166666667e-001    7.04318936877076e+000
 4.89062500000000e-001    8.10631229235880e+000
 4.92968750000000e-001    9.30232558139535e+000
 4.95572916666667e-001    1.03654485049834e+001
 4.98177083333333e-001    1.11627906976744e+001
 5.02083333333333e-001    1.27574750830565e+001
 5.05989583333333e-001    1.39534883720930e+001
 5.07291666666667e-001    1.43521594684385e+001
 5.08593750000000e-001    1.47508305647841e+001
 5.09895833333333e-001    1.48837209302326e+001
 5.11197916666667e-001    1.48837209302326e+001
 5.12500000000000e-001    1.44850498338870e+001
 5.13802083333333e-001    1.39534883720930e+001
 5.17708333333333e-001    1.26245847176080e+001
 5.25520833333333e-001    9.56810631229236e+000
 5.30729166666667e-001    7.30897009966777e+000
 5.37239583333333e-001    4.78405315614618e+000
 5.39843750000000e-001    3.85382059800664e+000
 5.42447916666667e-001    3.05647840531561e+000
 5.43750000000000e-001    2.79069767441860e+000
 5.45052083333333e-001    2.52491694352159e+000
 5.47656250000000e-001    1.86046511627907e+000
 5.48958333333333e-001    1.46179401993356e+000
 5.51562500000000e-001    1.06312292358804e+000
 5.54166666666667e-001    6.64451827242525e-001
 5.58072916666667e-001    3.98671096345515e-001
 5.60677083333333e-001    1.32890365448505e-001
 5.64583333333333e-001    0.00000000000000e+000
 5.72395833333333e-001    0.00000000000000e+000
 5.77604166666667e-001    2.65780730897010e-001
 5.86718750000000e-001    6.64451827242525e-001
 5.97135416666667e-001    1.32890365448505e+000
 6.07552083333333e-001    2.12624584717608e+000
 6.16666666666667e-001    3.18936877076412e+000
 6.24479166666667e-001    4.11960132890365e+000
 6.29687500000000e-001    4.91694352159468e+000
 6.34895833333333e-001    5.84717607973422e+000
 6.41406250000000e-001    7.04318936877076e+000
 6.47916666666667e-001    8.50498338870432e+000
 6.57031250000000e-001    1.06312292358804e+001
 6.66145833333333e-001    1.27574750830565e+001
 6.70052083333333e-001    1.36877076411960e+001
 6.73958333333333e-001    1.43521594684385e+001
 6.77864583333333e-001    1.51495016611296e+001
 6.83072916666667e-001    1.58139534883721e+001
 6.89583333333333e-001    1.64784053156146e+001
 7.01302083333333e-001    1.74086378737542e+001
 7.09114583333333e-001    1.79401993355482e+001
 7.19531250000000e-001    1.86046511627907e+001
 7.26041666666667e-001    1.90033222591362e+001
 7.32552083333333e-001    1.92691029900332e+001
 7.40364583333333e-001    1.95348837209302e+001
 7.46875000000000e-001    1.95348837209302e+001
 7.57291666666667e-001    1.94019933554817e+001
 7.66406250000000e-001    1.91362126245847e+001
 7.72916666666667e-001    1.90033222591362e+001
 7.82031250000000e-001    1.87375415282392e+001
 7.87239583333333e-001    1.87375415282392e+001
 7.98958333333333e-001    1.90033222591362e+001
 8.08072916666667e-001    1.92691029900332e+001
 8.17187500000000e-001    1.99335548172757e+001
 8.25000000000000e-001    2.05980066445183e+001
 8.31510416666667e-001    2.11295681063123e+001
 8.40625000000000e-001    2.21926910299003e+001
 8.51041666666667e-001    2.33887043189369e+001
 8.57552083333333e-001    2.43189368770764e+001
 8.64062500000000e-001    2.52491694352159e+001
 8.74479166666667e-001    2.67109634551495e+001
 8.82291666666667e-001    2.79069767441860e+001
 8.88802083333333e-001    2.88372093023256e+001
 8.96614583333333e-001    2.99003322259136e+001
 9.03125000000000e-001    3.06976744186047e+001
 9.09635416666667e-001    3.13621262458472e+001
 9.17447916666667e-001    3.20265780730897e+001
 9.22656250000000e-001    3.22923588039867e+001
 9.26562500000000e-001    3.24252491694352e+001
 9.34375000000000e-001    3.24252491694352e+001
 9.40885416666667e-001    3.24252491694352e+001
 9.44791666666667e-001    3.21594684385382e+001
 9.50000000000000e-001    3.17607973421927e+001
 9.53906250000000e-001    3.13621262458472e+001
 9.64322916666667e-001    3.01661129568106e+001
 9.70833333333333e-001    2.92358803986711e+001
 9.74739583333333e-001    2.85714285714286e+001
 9.79947916666667e-001    2.76411960132890e+001
 9.83854166666667e-001    2.68438538205980e+001
 9.91666666666667e-001    2.53820598006645e+001
 9.98177083333333e-001    2.40531561461794e+001
 1.00338541666667e+000    2.29900332225914e+001
 1.01119791666667e+000    2.15282392026578e+001
 1.02031250000000e+000    1.98006644518272e+001
 1.03203125000000e+000    1.78073089700997e+001
 1.03854166666667e+000    1.67441860465116e+001
 1.04375000000000e+000    1.59468438538206e+001
 1.05416666666667e+000    1.44850498338870e+001
 1.06328125000000e+000    1.34219269102990e+001
 1.07500000000000e+000    1.20930232558140e+001
 1.08411458333333e+000    1.12956810631229e+001
 1.09583333333333e+000    1.03654485049834e+001
 1.10755208333333e+000    9.56810631229236e+000
 1.12447916666667e+000    8.63787375415282e+000
 1.13619791666667e+000    8.10631229235880e+000
 1.14791666666667e+000    7.57475083056478e+000
 1.16484375000000e+000    6.91029900332226e+000
 1.17656250000000e+000    6.51162790697675e+000
 1.18958333333333e+000    5.98006644518272e+000
 1.20000000000000e+000    5.58139534883721e+000
