 3.00000000000000e-001    5.16129032258065e-001
 3.19612590799031e-001    6.45161290322581e-001
 3.40314769975787e-001    7.92626728110599e-001
 3.59927360774818e-001    9.95391705069124e-001
 3.79539951573850e-001    1.21658986175115e+000
 4.00242130750605e-001    1.49308755760369e+000
 4.19854721549637e-001    1.82488479262673e+000
 4.39467312348668e-001    2.21198156682028e+000
 4.60169491525424e-001    2.69124423963134e+000
 4.79782082324455e-001    3.24423963133641e+000
 4.99394673123487e-001    3.88940092165899e+000
 5.19007263922518e-001    4.60829493087558e+000
 5.39709443099274e-001    5.40092165898618e+000
 5.51694915254237e-001    5.89861751152074e+000
 5.57142857142857e-001    6.13824884792627e+000
 5.65859564164649e-001    6.54377880184332e+000
 5.76755447941889e-001    6.96774193548387e+000
 5.80024213075061e-001    7.09677419354839e+000
 5.90920096852300e-001    7.55760368663594e+000
 5.95278450363196e-001    7.72350230414746e+000
 5.99636803874092e-001    7.90783410138249e+000
 6.07263922518160e-001    8.16589861751152e+000
 6.19249394673123e-001    8.60829493087558e+000
 6.26876513317191e-001    8.81105990783410e+000
 6.34503631961259e-001    9.03225806451613e+000
 6.39951573849879e-001    9.17972350230415e+000
 6.48668280871671e-001    9.36405529953917e+000
 6.59564164648910e-001    9.60368663594470e+000
 6.79176755447942e-001    9.89861751152074e+000
 6.99878934624697e-001    1.01013824884793e+001
 7.19491525423729e-001    1.02119815668203e+001
 7.39104116222760e-001    1.03041474654378e+001
 7.59806295399516e-001    1.03594470046083e+001
 7.79418886198547e-001    1.04147465437788e+001
 7.99031476997579e-001    1.04331797235023e+001
 8.19733656174334e-001    1.04700460829493e+001
 8.39346246973366e-001    1.04884792626728e+001
 8.60048426150121e-001    1.05253456221198e+001
 8.79661016949152e-001    1.05437788018433e+001
 8.99273607748184e-001    1.05437788018433e+001
 9.19975786924939e-001    1.05253456221198e+001
 9.39588377723971e-001    1.04884792626728e+001
 9.59200968523002e-001    1.04516129032258e+001
 9.79903147699758e-001    1.03963133640553e+001
 9.99515738498789e-001    1.03225806451613e+001
 1.01912832929782e+000    1.02304147465438e+001
 1.03983050847458e+000    1.01013824884793e+001
 1.05944309927361e+000    9.97235023041475e+000
 1.07905569007264e+000    9.80645161290323e+000
 1.09975786924939e+000    9.62211981566820e+000
 1.11937046004843e+000    9.43778801843318e+000
 1.13898305084746e+000    9.23502304147465e+000
 1.15968523002421e+000    8.99539170506912e+000
 1.17929782082324e+000    8.77419354838710e+000
 1.19891041162228e+000    8.51612903225806e+000
