 3.00000000000000e-001    4.86486486486487e-001
 3.20454545454545e-001    5.94594594594595e-001
 3.44744318181818e-001    7.56756756756757e-001
 3.66477272727273e-001    9.72972972972973e-001
 3.85653409090909e-001    1.13513513513514e+000
 4.02272727272727e-001    1.35135135135135e+000
 4.21448863636364e-001    1.62162162162162e+000
 4.41903409090909e-001    1.94594594594595e+000
 4.61079545454545e-001    2.32432432432432e+000
 4.81534090909091e-001    2.81081081081081e+000
 5.01988636363636e-001    3.35135135135135e+000
 5.21164772727273e-001    3.94594594594595e+000
 5.42897727272727e-001    4.70270270270270e+000
 5.64630681818182e-001    5.51351351351351e+000
 5.82528409090909e-001    6.27027027027027e+000
 6.04261363636364e-001    7.18918918918919e+000
 6.22159090909091e-001    7.94594594594595e+000
 6.36221590909091e-001    8.48648648648649e+000
 6.51562500000000e-001    9.08108108108108e+000
 6.60511363636364e-001    9.40540540540541e+000
 6.69460227272727e-001    9.67567567567568e+000
 6.83522727272727e-001    1.00540540540541e+001
 6.93750000000000e-001    1.03243243243243e+001
 7.05255681818182e-001    1.05405405405405e+001
 7.23153409090909e-001    1.08108108108108e+001
 7.44886363636364e-001    1.10810810810811e+001
 7.58948863636363e-001    1.11891891891892e+001
 7.69176136363636e-001    1.12432432432432e+001
 7.85795454545455e-001    1.13513513513514e+001
 8.11363636363636e-001    1.14054054054054e+001
 8.35653409090909e-001    1.14594594594595e+001
 8.61221590909091e-001    1.14594594594595e+001
 8.79119318181818e-001    1.14594594594595e+001
 9.00852272727273e-001    1.14054054054054e+001
 9.26420454545454e-001    1.13513513513514e+001
 9.45596590909091e-001    1.12972972972973e+001
 9.60937500000000e-001    1.12432432432432e+001
 9.73721590909091e-001    1.11891891891892e+001
 9.92897727272727e-001    1.10810810810811e+001
 1.01207386363636e+000    1.09729729729730e+001
 1.03380681818182e+000    1.08108108108108e+001
 1.05298295454545e+000    1.06486486486486e+001
 1.07215909090909e+000    1.04864864864865e+001
 1.09261363636364e+000    1.02702702702703e+001
 1.11306818181818e+000    1.00540540540541e+001
 1.13480113636364e+000    9.78378378378378e+000
 1.15397727272727e+000    9.56756756756757e+000
 1.17315340909091e+000    9.29729729729730e+000
 1.19360795454545e+000    9.02702702702703e+000
 1.20000000000000e+000    8.97297297297297e+000
