 3.00000000000000e-001    7.77604976671851e-002
 3.38650306748466e-001    1.55520995334370e-001
 3.68466257668712e-001    2.33281493001555e-001
 3.97177914110429e-001    3.11041990668740e-001
 4.21472392638037e-001    3.88802488335925e-001
 4.52392638036810e-001    5.44323483670295e-001
 4.80000000000000e-001    6.99844479004666e-001
 5.00981595092024e-001    8.55365474339036e-001
 5.23067484662577e-001    1.01088646967341e+000
 5.48466257668712e-001    1.24416796267496e+000
 5.66134969325153e-001    1.39968895800933e+000
 5.90429447852761e-001    1.63297045101089e+000
 6.08098159509202e-001    1.78849144634526e+000
 6.33496932515337e-001    2.02177293934681e+000
 6.51165644171779e-001    2.17729393468118e+000
 6.60000000000000e-001    2.25505443234837e+000
 6.71042944785276e-001    2.33281493001555e+000
 6.82085889570552e-001    2.41057542768274e+000
 6.96441717791411e-001    2.48833592534992e+000
 7.09693251533742e-001    2.56609642301711e+000
 7.22944785276074e-001    2.64385692068429e+000
 7.39509202453988e-001    2.72161741835148e+000
 7.59386503067485e-001    2.79937791601866e+000
 7.82576687116564e-001    2.87713841368585e+000
 8.05766871165644e-001    2.95489891135303e+000
 8.30061349693251e-001    3.03265940902022e+000
 8.56564417177914e-001    3.11041990668740e+000
 8.81963190184049e-001    3.18818040435459e+000
 9.15092024539877e-001    3.26594090202177e+000
 9.44907975460123e-001    3.34370139968896e+000
 9.76932515337423e-001    3.42146189735614e+000
 1.01779141104294e+000    3.49922239502333e+000
 1.05644171779141e+000    3.57698289269051e+000
 1.11386503067485e+000    3.65474339035770e+000
 1.20000000000000e+000    3.73250388802488e+000
