 3.00000000000000e-001    5.16129032258065e-001
 3.20702179176755e-001    6.45161290322581e-001
 3.39225181598063e-001    7.92626728110599e-001
 3.59927360774818e-001    9.95391705069124e-001
 3.80629539951574e-001    1.23502304147465e+000
 4.00242130750605e-001    1.51152073732719e+000
 4.19854721549637e-001    1.86175115207373e+000
 4.40556900726392e-001    2.26728110599078e+000
 4.60169491525424e-001    2.74654377880184e+000
 4.79782082324455e-001    3.33640552995392e+000
 4.99394673123487e-001    4.00000000000000e+000
 5.20096852300242e-001    4.75576036866359e+000
 5.40799031476998e-001    5.62211981566820e+000
 5.59322033898305e-001    6.47004608294931e+000
 5.80024213075061e-001    7.37327188940092e+000
 5.99636803874092e-001    8.20276497695852e+000
 6.12711864406780e-001    8.68202764976959e+000
 6.19249394673123e-001    8.94009216589862e+000
 6.27966101694915e-001    9.17972350230415e+000
 6.34503631961259e-001    9.38248847926267e+000
 6.39951573849879e-001    9.54838709677419e+000
 6.45399515738499e-001    9.67741935483871e+000
 6.50847457627119e-001    9.78801843317972e+000
 6.58474576271186e-001    9.97235023041475e+000
 6.74818401937046e-001    1.02488479262673e+001
 6.79176755447942e-001    1.03225806451613e+001
 6.87893462469734e-001    1.04147465437788e+001
 6.95520581113801e-001    1.05069124423963e+001
 7.03147699757869e-001    1.05806451612903e+001
 7.14043583535109e-001    1.06543778801843e+001
 7.21670702179177e-001    1.07096774193548e+001
 7.32566585956416e-001    1.07649769585253e+001
 7.39104116222760e-001    1.08018433179724e+001
 7.45641646489104e-001    1.08387096774194e+001
 7.60895883777240e-001    1.08755760368664e+001
 7.70702179176755e-001    1.09124423963134e+001
 7.83777239709443e-001    1.09308755760369e+001
 7.99031476997579e-001    1.09493087557604e+001
 8.20823244552058e-001    1.09677419354839e+001
 8.41525423728813e-001    1.09861751152074e+001
 8.55690072639225e-001    1.09861751152074e+001
 8.68765133171913e-001    1.09677419354839e+001
 8.85108958837772e-001    1.09493087557604e+001
 9.00363196125908e-001    1.09308755760369e+001
 9.11259079903148e-001    1.09124423963134e+001
 9.15617433414043e-001    1.08940092165899e+001
 9.22154963680387e-001    1.08755760368664e+001
 9.27602905569007e-001    1.08571428571429e+001
 9.34140435835351e-001    1.08387096774194e+001
 9.39588377723971e-001    1.08202764976959e+001
 9.43946731234867e-001    1.08018433179724e+001
 9.48305084745763e-001    1.07834101382488e+001
 9.53753026634383e-001    1.07649769585253e+001
 9.58111380145278e-001    1.07465437788018e+001
 9.61380145278450e-001    1.07281105990783e+001
 9.64648910411622e-001    1.07096774193548e+001
 9.67917675544794e-001    1.06912442396313e+001
 9.73365617433414e-001    1.06543778801843e+001
 9.76634382566586e-001    1.06359447004608e+001
 9.83171912832930e-001    1.05990783410138e+001
 9.91888619854721e-001    1.05437788018433e+001
 9.97336561743341e-001    1.05069124423963e+001
 1.00278450363196e+000    1.04700460829493e+001
 1.01368038740920e+000    1.03778801843318e+001
 1.01912832929782e+000    1.03410138248848e+001
 1.03002421307506e+000    1.02488479262673e+001
 1.03765133171913e+000    1.01935483870968e+001
 1.04636803874092e+000    1.01013824884793e+001
 1.05399515738499e+000    1.00276497695853e+001
 1.06053268765133e+000    9.97235023041475e+000
 1.06924939467312e+000    9.88018433179723e+000
 1.07905569007264e+000    9.78801843317972e+000
 1.09975786924939e+000    9.58525345622120e+000
 1.11937046004843e+000    9.34562211981567e+000
 1.14007263922518e+000    9.08755760368664e+000
 1.15968523002421e+000    8.84792626728111e+000
 1.17929782082324e+000    8.58986175115207e+000
 1.20000000000000e+000    8.31336405529954e+000
