 3.00000000000000e-001    5.40540540540541e-001
 3.20454545454545e-001    7.56756756756757e-001
 3.40909090909091e-001    9.72972972972973e-001
 3.62642045454545e-001    1.18918918918919e+000
 3.81818181818182e-001    1.45945945945946e+000
 3.99715909090909e-001    1.78378378378378e+000
 4.16335227272727e-001    2.10810810810811e+000
 4.31676136363636e-001    2.48648648648649e+000
 4.41903409090909e-001    2.75675675675676e+000
 4.57244318181818e-001    3.18918918918919e+000
 4.75142045454545e-001    3.78378378378378e+000
 4.89204545454545e-001    4.32432432432432e+000
 5.08380681818182e-001    5.08108108108108e+000
 5.36505681818182e-001    6.27027027027027e+000
 5.49289772727273e-001    6.75675675675676e+000
 5.64630681818182e-001    7.35135135135135e+000
 5.77414772727273e-001    7.78378378378378e+000
 5.91477272727273e-001    8.16216216216216e+000
 6.06818181818182e-001    8.48648648648649e+000
 6.22159090909091e-001    8.75675675675676e+000
 6.36221590909091e-001    8.91891891891892e+000
 6.59232954545455e-001    9.08108108108108e+000
 6.79687500000000e-001    9.18918918918919e+000
 7.00142045454545e-001    9.24324324324324e+000
 7.39772727272727e-001    9.29729729729730e+000
 7.60227272727273e-001    9.35135135135135e+000
 7.83238636363636e-001    9.40540540540541e+000
 8.16477272727273e-001    9.45945945945946e+000
 8.33096590909091e-001    9.51351351351351e+000
 8.59943181818182e-001    9.56756756756757e+000
 8.80397727272727e-001    9.62162162162162e+000
 9.05965909090909e-001    9.67567567567568e+000
 9.59659090909091e-001    9.67567567567568e+000
 9.92897727272727e-001    9.62162162162162e+000
 1.02613636363636e+000    9.51351351351351e+000
 1.03892045454545e+000    9.45945945945946e+000
 1.05553977272727e+000    9.35135135135135e+000
 1.06704545454545e+000    9.29729729729730e+000
 1.08622159090909e+000    9.18918918918919e+000
 1.10667613636364e+000    9.02702702702703e+000
 1.12329545454545e+000    8.86486486486486e+000
 1.14375000000000e+000    8.70270270270270e+000
 1.16548295454545e+000    8.48648648648649e+000
 1.18593750000000e+000    8.27027027027027e+000
 1.20000000000000e+000    8.10810810810811e+000
