 3.00000000000000e-001    4.66562986003110e-001
 3.19877300613497e-001    6.22083981337481e-001
 3.39754601226994e-001    7.77604976671851e-001
 3.50797546012270e-001    8.55365474339036e-001
 3.60736196319018e-001    9.33125972006221e-001
 3.71779141104294e-001    1.08864696734059e+000
 3.80613496932515e-001    1.16640746500778e+000
 4.00490797546012e-001    1.47744945567652e+000
 4.13742331288344e-001    1.71073094867807e+000
 4.20368098159509e-001    1.78849144634526e+000
 4.24785276073620e-001    1.86625194401244e+000
 4.33619631901841e-001    2.09953343701400e+000
 4.44662576687117e-001    2.25505443234837e+000
 4.61226993865031e-001    2.72161741835148e+000
 4.80000000000000e-001    3.18818040435459e+000
 4.99877300613497e-001    3.88802488335925e+000
 5.12024539877301e-001    4.27682737169518e+000
 5.31901840490798e-001    5.05443234836703e+000
 5.50674846625767e-001    5.83203732503888e+000
 5.72760736196319e-001    6.76516329704510e+000
 5.88220858895705e-001    7.38724727838258e+000
 6.10306748466258e-001    8.24261275272162e+000
 6.27975460122699e-001    8.78693623639191e+000
 6.40122699386503e-001    9.17573872472784e+000
 6.60000000000000e-001    9.56454121306376e+000
 6.73251533742331e-001    9.79782270606532e+000
 6.94233128834356e-001    1.00311041990669e+001
 7.14110429447853e-001    1.01866251944012e+001
 7.36196319018405e-001    1.02643856920684e+001
 7.60490797546012e-001    1.03421461897356e+001
 7.80368098159509e-001    1.04199066874028e+001
 8.00245398773006e-001    1.04199066874028e+001
 8.20122699386503e-001    1.04199066874028e+001
 8.40000000000000e-001    1.04976671850700e+001
 9.20613496932515e-001    1.04976671850700e+001
 9.40490797546012e-001    1.04976671850700e+001
 9.60368098159509e-001    1.04199066874028e+001
 9.86871165644172e-001    1.03421461897356e+001
 1.00674846625767e+000    1.02643856920684e+001
 1.02331288343558e+000    1.01866251944012e+001
 1.04098159509202e+000    1.01088646967341e+001
 1.06858895705521e+000    9.87558320373250e+000
 1.08736196319018e+000    9.72006220839813e+000
 1.10061349693252e+000    9.64230171073095e+000
 1.10723926380368e+000    9.56454121306376e+000
 1.12049079754601e+000    9.40902021772939e+000
 1.14036809815951e+000    9.17573872472784e+000
 1.16024539877301e+000    8.94245723172628e+000
 1.18122699386503e+000    8.70917573872473e+000
 1.20000000000000e+000    8.55365474339036e+000
