 3.00000000000000e-001    5.02890173410405e-001
 3.18472063854048e-001    6.41618497109827e-001
 3.40022805017104e-001    7.97687861271676e-001
 3.56442417331813e-001    9.71098265895954e-001
 3.71835803876853e-001    1.16184971098266e+000
 3.84150513112885e-001    1.31791907514451e+000
 3.94412770809578e-001    1.47398843930636e+000
 4.06727480045610e-001    1.64739884393064e+000
 4.15963511972634e-001    1.83815028901734e+000
 4.27251995438997e-001    2.04624277456647e+000
 4.34435575826682e-001    2.20231213872832e+000
 4.44697833523375e-001    2.44508670520231e+000
 4.62143671607754e-001    2.89595375722543e+000
 4.72405929304447e-001    3.22543352601156e+000
 4.81641961231471e-001    3.50289017341040e+000
 4.89851767388826e-001    3.83236994219653e+000
 4.97035347776511e-001    4.10982658959538e+000
 5.06271379703535e-001    4.49132947976879e+000
 5.14481185860889e-001    4.85549132947977e+000
 5.22690992018244e-001    5.21965317919075e+000
 5.36031927023945e-001    5.89595375722543e+000
 5.48346636259977e-001    6.55491329479769e+000
 5.58608893956670e-001    7.10982658959538e+000
 5.66818700114025e-001    7.57803468208093e+000
 5.71949828962372e-001    7.87283236994220e+000
 5.83238312428734e-001    8.51445086705202e+000
 5.89395667046750e-001    8.84393063583815e+000
 5.94526795895097e-001    9.13872832369942e+000
 5.98631698973774e-001    9.34682080924856e+000
 6.02736602052452e-001    9.55491329479769e+000
 6.06841505131129e-001    9.72832369942197e+000
 6.10946408209806e-001    9.91907514450867e+000
 6.15051311288483e-001    1.01098265895954e+001
 6.18129988597491e-001    1.02312138728324e+001
 6.20182440136830e-001    1.03352601156069e+001
 6.25313568985177e-001    1.04913294797688e+001
 6.30444697833523e-001    1.06647398843931e+001
 6.36602052451539e-001    1.08554913294798e+001
 6.39680729760547e-001    1.09595375722543e+001
 6.48916761687571e-001    1.11329479768786e+001
 6.57126567844926e-001    1.12716763005780e+001
 6.61231470923603e-001    1.13410404624277e+001
 6.79703534777651e-001    1.14797687861272e+001
 7.00228050171038e-001    1.15144508670520e+001
 7.11516533637400e-001    1.14797687861272e+001
 7.19726339794755e-001    1.14624277456647e+001
 7.31014823261117e-001    1.14104046242775e+001
 7.61801596351197e-001    1.12543352601156e+001
 7.74116305587229e-001    1.12023121387283e+001
 7.96693272519954e-001    1.11156069364162e+001
 8.05929304446978e-001    1.10982658959538e+001
 8.13112884834664e-001    1.10809248554913e+001
 8.20296465222349e-001    1.10635838150289e+001
 8.27480045610034e-001    1.10462427745665e+001
 8.33637400228050e-001    1.10289017341040e+001
 8.41847206385405e-001    1.10115606936416e+001
 8.51083238312429e-001    1.09942196531792e+001
 8.62371721778791e-001    1.09768786127168e+001
 8.71607753705815e-001    1.09595375722543e+001
 8.79817559863170e-001    1.09421965317919e+001
 8.88027366020524e-001    1.09248554913295e+001
 8.97263397947548e-001    1.09075144508671e+001
 9.04446978335234e-001    1.08901734104046e+001
 9.12656784492588e-001    1.08728323699422e+001
 9.20866590649943e-001    1.08554913294798e+001
 9.28050171037628e-001    1.08381502890173e+001
 9.34207525655644e-001    1.08208092485549e+001
 9.42417331812999e-001    1.08034682080925e+001
 9.44469783352337e-001    1.07861271676301e+001
 9.49600912200684e-001    1.07687861271676e+001
 9.74230330672748e-001    1.06647398843931e+001
 9.94754846066134e-001    1.05780346820809e+001
 1.00193842645382e+000    1.05433526011561e+001
 1.02143671607754e+000    1.04219653179191e+001
 1.03990877993158e+000    1.02832369942197e+001
 1.05735461801596e+000    1.01445086705202e+001
 1.07377423033067e+000    1.00057803468208e+001
 1.09122006841505e+000    9.84971098265896e+000
 1.11379703534778e+000    9.62427745664740e+000
 1.13432155074116e+000    9.41618497109827e+000
 1.15484606613455e+000    9.17341040462428e+000
 1.17331812998860e+000    8.94797687861272e+000
 1.19179019384265e+000    8.72254335260116e+000
 1.20000000000000e+000    8.61849710982659e+000
