 3.00000000000000e-001    5.16129032258065e-001
 3.31598062953995e-001    7.37327188940092e-001
 3.52300242130751e-001    9.21658986175115e-001
 3.74092009685230e-001    1.14285714285714e+000
 3.93704600484261e-001    1.38248847926267e+000
 4.06779661016949e-001    1.58525345622120e+000
 4.22033898305085e-001    1.84331797235023e+000
 4.35108958837772e-001    2.10138248847926e+000
 4.51452784503632e-001    2.45161290322581e+000
 4.60169491525424e-001    2.65437788018433e+000
 4.67796610169491e-001    2.87557603686636e+000
 4.77602905569007e-001    3.13364055299539e+000
 4.89588377723971e-001    3.46543778801843e+000
 4.96125907990315e-001    3.66820276497696e+000
 5.05932203389830e-001    4.01843317972350e+000
 5.14648910411622e-001    4.29493087557604e+000
 5.27723970944310e-001    4.77419354838710e+000
 5.35351089588378e-001    5.06912442396313e+000
 5.48426150121065e-001    5.58525345622120e+000
 5.53874092009685e-001    5.80645161290323e+000
 5.60411622276029e-001    6.08294930875576e+000
 5.68038740920097e-001    6.37788018433180e+000
 5.76755447941889e-001    6.74654377880184e+000
 5.83292978208232e-001    7.00460829493088e+000
 5.89830508474576e-001    7.24423963133641e+000
 5.94188861985472e-001    7.42857142857143e+000
 6.01815980629540e-001    7.70506912442396e+000
 6.06174334140436e-001    7.85253456221198e+000
 6.13801452784503e-001    8.11059907834101e+000
 6.19249394673123e-001    8.31336405529954e+000
 6.23607748184019e-001    8.42396313364055e+000
 6.30145278450363e-001    8.58986175115207e+000
 6.35593220338983e-001    8.73732718894009e+000
 6.42130750605327e-001    8.90322580645161e+000
 6.50847457627119e-001    9.06912442396313e+000
 6.55205811138015e-001    9.16129032258064e+000
 6.61743341404358e-001    9.29032258064516e+000
 6.69370460048426e-001    9.38248847926267e+000
 6.79176755447942e-001    9.51152073732719e+000
 6.88983050847458e-001    9.60368663594470e+000
 6.97699757869249e-001    9.67741935483871e+000
 7.08595641646489e-001    9.75115207373272e+000
 7.22760290556901e-001    9.80645161290323e+000
 7.32566585956416e-001    9.84331797235023e+000
 7.41283292978208e-001    9.86175115207373e+000
 7.50000000000000e-001    9.88018433179723e+000
 7.58716707021792e-001    9.89861751152074e+000
 7.78329297820823e-001    9.91705069124424e+000
 7.97941888619855e-001    9.93548387096774e+000
 8.24092009685230e-001    9.95391705069124e+000
 8.43704600484261e-001    9.97235023041475e+000
 8.65496368038741e-001    9.99078341013825e+000
 8.91646489104116e-001    1.00092165898618e+001
 9.14527845036319e-001    1.00276497695853e+001
 9.40677966101695e-001    1.00276497695853e+001
 9.67917675544794e-001    1.00092165898618e+001
 9.78813559322034e-001    9.99078341013825e+000
 9.87530266343825e-001    9.97235023041475e+000
 9.97336561743341e-001    9.95391705069124e+000
 1.00605326876513e+000    9.93548387096774e+000
 1.01368038740920e+000    9.91705069124424e+000
 1.02130750605327e+000    9.89861751152074e+000
 1.02566585956416e+000    9.88018433179723e+000
 1.03002421307506e+000    9.86175115207373e+000
 1.03547215496368e+000    9.84331797235023e+000
 1.04527845036320e+000    9.80645161290323e+000
 1.05617433414044e+000    9.75115207373272e+000
 1.06489104116223e+000    9.71428571428572e+000
 1.07033898305085e+000    9.67741935483871e+000
 1.07796610169492e+000    9.64055299539170e+000
 1.08668280871671e+000    9.58525345622120e+000
 1.09975786924939e+000    9.51152073732719e+000
 1.11283292978208e+000    9.41935483870968e+000
 1.12917675544794e+000    9.27188940092166e+000
 1.14661016949153e+000    9.14285714285714e+000
 1.16840193704600e+000    8.94009216589862e+000
 1.18147699757869e+000    8.81105990783410e+000
 1.19128329297821e+000    8.70046082949309e+000
 1.19891041162228e+000    8.62672811059908e+000
