 3.00000000000000e-001    1.16640746500778e+000
 3.24294478527607e-001    1.47744945567652e+000
 3.40858895705521e-001    1.78849144634526e+000
 3.60736196319018e-001    2.25505443234837e+000
 3.80613496932515e-001    2.79937791601866e+000
 4.01595092024540e-001    3.42146189735614e+000
 4.20368098159509e-001    4.12130637636081e+000
 4.40245398773006e-001    5.05443234836703e+000
 4.60122699386503e-001    6.06531881804044e+000
 4.78895705521472e-001    7.23172628304821e+000
 4.86625766871166e-001    7.69828926905132e+000
 4.93251533742331e-001    8.16485225505443e+000
 5.07607361963190e-001    9.17573872472784e+000
 5.12024539877301e-001    9.48678071539658e+000
 5.17546012269939e-001    9.95334370139969e+000
 5.27484662576687e-001    1.07309486780715e+001
 5.37423312883436e-001    1.15085536547434e+001
 5.46257668711656e-001    1.22083981337481e+001
 5.52883435582822e-001    1.27527216174184e+001
 5.60613496932515e-001    1.33748055987558e+001
 5.68343558282209e-001    1.39968895800933e+001
 5.72760736196319e-001    1.43079315707621e+001
 5.80490797546012e-001    1.49300155520995e+001
 5.92638036809816e-001    1.57076205287714e+001
 5.97055214723926e-001    1.60186625194401e+001
 6.03680981595092e-001    1.64074650077761e+001
 6.09202453987730e-001    1.67185069984448e+001
 6.15828220858896e-001    1.71073094867807e+001
 6.23558282208589e-001    1.74183514774495e+001
 6.31288343558282e-001    1.77293934681182e+001
 6.40122699386503e-001    1.80404354587869e+001
 6.50061349693251e-001    1.82737169517885e+001
 6.55582822085889e-001    1.84292379471229e+001
 6.67730061349693e-001    1.85847589424572e+001
 6.79877300613497e-001    1.87402799377916e+001
 6.99754601226994e-001    1.88180404354588e+001
 7.20736196319018e-001    1.87402799377916e+001
 7.40613496932515e-001    1.86625194401244e+001
 7.60490797546012e-001    1.85069984447900e+001
 7.81472392638037e-001    1.82737169517885e+001
 8.03558282208589e-001    1.80404354587869e+001
 8.21226993865031e-001    1.78071539657854e+001
 8.40000000000000e-001    1.75738724727838e+001
 8.60981595092025e-001    1.72628304821151e+001
 8.80858895705521e-001    1.69517884914463e+001
 9.01840490797546e-001    1.65629860031104e+001
 9.20613496932515e-001    1.61741835147745e+001
 9.40490797546012e-001    1.57853810264386e+001
 9.60368098159509e-001    1.53188180404355e+001
 9.80245398773006e-001    1.49300155520995e+001
 1.00012269938650e+000    1.44634525660964e+001
 1.02000000000000e+000    1.39968895800933e+001
 1.03987730061350e+000    1.34525660964230e+001
 1.05975460122699e+000    1.29860031104199e+001
 1.07963190184049e+000    1.25194401244168e+001
 1.10061349693252e+000    1.19751166407465e+001
 1.12049079754601e+000    1.15085536547434e+001
 1.14036809815951e+000    1.10419906687403e+001
 1.16024539877301e+000    1.05754276827372e+001
 1.18012269938650e+000    1.01866251944012e+001
 1.20000000000000e+000    9.87558320373250e+000
