 3.00000000000000e-001    1.45945945945946e+000
 3.10227272727273e-001    1.67567567567568e+000
 3.20454545454545e-001    1.94594594594595e+000
 3.28125000000000e-001    2.16216216216216e+000
 3.37073863636364e-001    2.43243243243243e+000
 3.43465909090909e-001    2.64864864864865e+000
 3.51136363636364e-001    2.91891891891892e+000
 3.57528409090909e-001    3.13513513513514e+000
 3.66477272727273e-001    3.45945945945946e+000
 3.72869318181818e-001    3.67567567567568e+000
 3.79261363636364e-001    3.89189189189189e+000
 3.86931818181818e-001    4.10810810810811e+000
 3.93323863636364e-001    4.27027027027027e+000
 4.02272727272727e-001    4.48648648648649e+000
 4.08664772727273e-001    4.59459459459459e+000
 4.17613636363636e-001    4.70270270270270e+000
 4.30397727272727e-001    4.81081081081081e+000
 4.40625000000000e-001    4.86486486486486e+000
 4.64914772727273e-001    4.86486486486486e+000
 4.89204545454545e-001    4.81081081081081e+000
 5.36505681818182e-001    4.75675675675676e+000
 5.67187500000000e-001    4.81081081081081e+000
 5.87642045454545e-001    4.86486486486486e+000
 6.04261363636364e-001    4.91891891891892e+000
 6.14488636363636e-001    4.97297297297297e+000
 6.40056818181818e-001    5.08108108108108e+000
 6.50284090909091e-001    5.13513513513514e+000
 6.69460227272727e-001    5.24324324324324e+000
 6.87357954545454e-001    5.35135135135135e+000
 6.96306818181818e-001    5.40540540540541e+000
 7.11647727272727e-001    5.51351351351351e+000
 7.26988636363636e-001    5.62162162162162e+000
 7.34659090909091e-001    5.67567567567568e+000
 7.42329545454545e-001    5.72972972972973e+000
 7.50000000000000e-001    5.78378378378378e+000
 7.57670454545454e-001    5.83783783783784e+000
 7.71732954545455e-001    5.94594594594595e+000
 7.87073863636364e-001    6.05405405405405e+000
 7.93465909090909e-001    6.10810810810811e+000
 8.01136363636364e-001    6.16216216216216e+000
 8.07528409090909e-001    6.21621621621622e+000
 8.15198863636364e-001    6.27027027027027e+000
 8.22869318181818e-001    6.32432432432432e+000
 8.29261363636363e-001    6.37837837837838e+000
 8.45880681818182e-001    6.48648648648649e+000
 8.61221590909091e-001    6.59459459459459e+000
 8.70170454545455e-001    6.64864864864865e+000
 8.77840909090909e-001    6.70270270270270e+000
 8.85511363636364e-001    6.75675675675676e+000
 8.97017045454545e-001    6.81081081081081e+000
 9.05965909090909e-001    6.86486486486486e+000
 9.16193181818182e-001    6.91891891891892e+000
 9.26420454545454e-001    6.97297297297297e+000
 9.40482954545455e-001    7.02702702702703e+000
 9.54545454545455e-001    7.08108108108108e+000
 9.72443181818182e-001    7.13513513513514e+000
 9.98011363636363e-001    7.18918918918919e+000
 1.04914772727273e+000    7.18918918918919e+000
 1.07727272727273e+000    7.13513513513514e+000
 1.09389204545455e+000    7.08108108108108e+000
 1.10923295454545e+000    7.02702702702703e+000
 1.12201704545455e+000    6.97297297297297e+000
 1.13352272727273e+000    6.91891891891892e+000
 1.14375000000000e+000    6.86486486486486e+000
 1.15142045454545e+000    6.81081081081081e+000
 1.16036931818182e+000    6.75675675675676e+000
 1.16803977272727e+000    6.70270270270270e+000
 1.17698863636364e+000    6.64864864864865e+000
 1.18593750000000e+000    6.59459459459459e+000
 1.19232954545455e+000    6.54054054054054e+000
 1.20000000000000e+000    6.48648648648649e+000
