 3.00000000000000e-001    5.02890173410405e-001
 3.19498289623717e-001    6.41618497109827e-001
 3.40022805017104e-001    7.97687861271676e-001
 3.59521094640821e-001    9.71098265895954e-001
 3.80045610034208e-001    1.19653179190751e+000
 3.99543899657925e-001    1.45664739884393e+000
 4.20068415051311e-001    1.76878612716763e+000
 4.39566704675028e-001    2.13294797687861e+000
 4.53933865450399e-001    2.42774566473988e+000
 4.69327251995439e-001    2.79190751445087e+000
 4.80615735461802e-001    3.08670520231214e+000
 4.90877993158495e-001    3.38150289017341e+000
 5.00114025085519e-001    3.64161849710983e+000
 5.09350057012543e-001    3.91907514450867e+000
 5.19612314709236e-001    4.23121387283237e+000
 5.32953249714937e-001    4.69942196531792e+000
 5.40136830102623e-001    4.94219653179191e+000
 5.48346636259977e-001    5.21965317919075e+000
 5.59635119726340e-001    5.61849710982659e+000
 5.67844925883694e-001    5.89595375722543e+000
 5.79133409350057e-001    6.29479768786127e+000
 5.88369441277081e-001    6.60693641618497e+000
 6.00684150513113e-001    7.00578034682081e+000
 6.08893956670467e-001    7.26589595375723e+000
 6.20182440136830e-001    7.59537572254335e+000
 6.32497149372862e-001    7.90751445086705e+000
 6.41733181299886e-001    8.15028901734104e+000
 6.46864310148233e-001    8.25433526011561e+000
 6.60205245153934e-001    8.53179190751445e+000
 6.71493728620296e-001    8.73988439306358e+000
 6.81755986316990e-001    8.89595375722543e+000
 6.93044469783352e-001    9.05202312138728e+000
 7.08437856328392e-001    9.22543352601156e+000
 7.21778791334093e-001    9.36416184971098e+000
 7.43329532497149e-001    9.53757225433526e+000
 7.61801596351197e-001    9.65895953757225e+000
 7.77194982896237e-001    9.74566473988439e+000
 7.88483466362600e-001    9.79768786127168e+000
 8.04903078677309e-001    9.88439306358381e+000
 8.25427594070695e-001    9.97109826589595e+000
 8.40820980615735e-001    1.00231213872832e+001
 8.58266818700114e-001    1.00751445086705e+001
 8.70581527936146e-001    1.01098265895954e+001
 8.84948688711516e-001    1.01445086705202e+001
 8.96237172177879e-001    1.01618497109827e+001
 9.10604332953250e-001    1.01965317919075e+001
 9.23945267958951e-001    1.01965317919075e+001
 9.45496009122007e-001    1.01791907514451e+001
 9.73204104903079e-001    1.01618497109827e+001
 9.83466362599772e-001    1.01445086705202e+001
 9.93728620296465e-001    1.01098265895954e+001
 1.00604332953250e+000    1.00578034682081e+001
 1.01938426453820e+000    1.00057803468208e+001
 1.02759407069555e+000    9.97109826589595e+000
 1.03477765108324e+000    9.93641618497110e+000
 1.05119726339795e+000    9.83236994219653e+000
 1.06145952109464e+000    9.76300578034682e+000
 1.07377423033067e+000    9.67630057803468e+000
 1.08506271379704e+000    9.58959537572254e+000
 1.09429874572406e+000    9.52023121387283e+000
 1.10148232611174e+000    9.46820809248555e+000
 1.10969213226910e+000    9.38150289017341e+000
 1.11995438996579e+000    9.27745664739884e+000
 1.13432155074116e+000    9.13872832369942e+000
 1.14868871151653e+000    9.00000000000000e+000
 1.15689851767389e+000    8.91329479768786e+000
 1.16613454960091e+000    8.80924855491330e+000
 1.17844925883694e+000    8.67052023121387e+000
 1.18768529076397e+000    8.56647398843931e+000
 1.20000000000000e+000    8.42774566473988e+000
