 3.00000000000000e-001    5.02890173410405e-001
 3.19498289623717e-001    6.41618497109827e-001
 3.40022805017104e-001    7.97687861271676e-001
 3.59521094640821e-001    9.88439306358382e-001
 3.80045610034208e-001    1.21387283236994e+000
 3.99543899657925e-001    1.49132947976879e+000
 4.20068415051311e-001    1.82080924855491e+000
 4.39566704675028e-001    2.21965317919075e+000
 4.60091220068415e-001    2.68786127167630e+000
 4.79589509692132e-001    3.24277456647399e+000
 4.87799315849487e-001    3.50289017341040e+000
 5.00114025085519e-001    3.88439306358381e+000
 5.14481185860889e-001    4.40462427745665e+000
 5.19612314709236e-001    4.59537572254335e+000
 5.31927023945268e-001    5.08092485549133e+000
 5.40136830102623e-001    5.39306358381503e+000
 5.49372862029647e-001    5.79190751445087e+000
 5.56556442417332e-001    6.10404624277457e+000
 5.68871151653364e-001    6.62427745664740e+000
 5.76054732041049e-001    6.93641618497110e+000
 5.80159635119726e-001    7.10982658959538e+000
 5.89395667046750e-001    7.47398843930636e+000
 6.00684150513113e-001    7.92485549132948e+000
 6.09920182440137e-001    8.25433526011561e+000
 6.18129988597491e-001    8.53179190751445e+000
 6.22234891676169e-001    8.67052023121387e+000
 6.31470923603193e-001    8.93063583815029e+000
 6.39680729760547e-001    9.17341040462428e+000
 6.46864310148233e-001    9.32947976878613e+000
 6.60205245153934e-001    9.60693641618497e+000
 6.80729760547320e-001    9.90173410404624e+000
 7.00228050171038e-001    1.00924855491329e+001
 7.19726339794755e-001    1.02138728323699e+001
 7.40250855188141e-001    1.03005780346821e+001
 7.59749144811859e-001    1.03526011560694e+001
 7.80273660205245e-001    1.04046242774566e+001
 8.05929304446978e-001    1.04393063583815e+001
 8.29532497149373e-001    1.04739884393064e+001
 8.54161915621437e-001    1.05086705202312e+001
 8.80843785632839e-001    1.05260115606936e+001
 9.08551881413911e-001    1.05260115606936e+001
 9.28050171037628e-001    1.05086705202312e+001
 9.47548460661345e-001    1.04739884393064e+001
 9.61915621436716e-001    1.04393063583815e+001
 9.81413911060433e-001    1.03872832369942e+001
 9.89623717217788e-001    1.03526011560694e+001
 9.99885974914481e-001    1.03179190751445e+001
 1.00912200684151e+000    1.02658959537572e+001
 1.02143671607754e+000    1.02138728323699e+001
 1.03477765108324e+000    1.01271676300578e+001
 1.04093500570125e+000    1.00924855491329e+001
 1.06043329532497e+000    9.95375722543353e+000
 1.07993158494869e+000    9.79768786127168e+000
 1.10045610034208e+000    9.60693641618497e+000
 1.12098061573546e+000    9.41618497109827e+000
 1.14150513112885e+000    9.19075144508670e+000
 1.16202964652223e+000    8.96531791907514e+000
 1.18050171037628e+000    8.75722543352601e+000
 1.20000000000000e+000    8.51445086705202e+000
