 3.00000000000000e-001    8.10810810810811e-001
 3.20454545454545e-001    1.08108108108108e+000
 3.42187500000000e-001    1.40540540540541e+000
 3.60085227272727e-001    1.78378378378378e+000
 3.80539772727273e-001    2.21621621621622e+000
 3.99715909090909e-001    2.81081081081081e+000
 4.20170454545455e-001    3.51351351351351e+000
 4.40625000000000e-001    4.32432432432432e+000
 4.59801136363636e-001    5.08108108108108e+000
 4.80255681818182e-001    5.78378378378378e+000
 4.99431818181818e-001    6.32432432432432e+000
 5.19886363636364e-001    6.70270270270270e+000
 5.40340909090909e-001    6.86486486486486e+000
 5.59517045454545e-001    6.91891891891892e+000
 6.40056818181818e-001    6.91891891891892e+000
 6.70738636363636e-001    6.97297297297297e+000
 6.87357954545454e-001    7.02702702702703e+000
 7.00142045454545e-001    7.08108108108108e+000
 7.16761363636364e-001    7.13513513513514e+000
 7.30823863636364e-001    7.18918918918919e+000
 7.39772727272727e-001    7.24324324324324e+000
 7.53835227272727e-001    7.29729729729730e+000
 7.66619318181818e-001    7.35135135135135e+000
 7.73011363636364e-001    7.40540540540541e+000
 7.99857954545455e-001    7.56756756756757e+000
 8.20312500000000e-001    7.67567567567568e+000
 8.39488636363636e-001    7.78378378378378e+000
 8.59943181818182e-001    7.89189189189189e+000
 8.80397727272727e-001    8.00000000000000e+000
 8.99573863636363e-001    8.10810810810811e+000
 9.20028409090909e-001    8.16216216216216e+000
 9.39204545454545e-001    8.21621621621622e+000
 9.59659090909091e-001    8.27027027027027e+000
 1.01974431818182e+000    8.27027027027027e+000
 1.04019886363636e+000    8.21621621621622e+000
 1.06576704545455e+000    8.16216216216216e+000
 1.08110795454545e+000    8.10810810810811e+000
 1.10028409090909e+000    8.00000000000000e+000
 1.11690340909091e+000    7.89189189189189e+000
 1.12713068181818e+000    7.83783783783784e+000
 1.13991477272727e+000    7.72972972972973e+000
 1.14886363636364e+000    7.67567567567568e+000
 1.15909090909091e+000    7.62162162162162e+000
 1.16548295454545e+000    7.56756756756757e+000
 1.17443181818182e+000    7.45945945945946e+000
 1.18465909090909e+000    7.40540540540541e+000
 1.18977272727273e+000    7.35135135135135e+000
 1.20000000000000e+000    7.18918918918919e+000
