 3.00000000000000e-001    2.02177293934681e+000
 3.05521472392638e-001    2.17729393468118e+000
 3.11042944785276e-001    2.33281493001555e+000
 3.17668711656442e-001    2.48833592534992e+000
 3.24294478527607e-001    2.72161741835148e+000
 3.29815950920245e-001    2.87713841368585e+000
 3.35337423312883e-001    3.03265940902022e+000
 3.41963190184049e-001    3.26594090202177e+000
 3.47484662576687e-001    3.49922239502333e+000
 3.58527607361963e-001    3.96578538102644e+000
 3.69570552147239e-001    4.43234836702955e+000
 3.77300613496933e-001    4.74339035769829e+000
 3.83926380368098e-001    5.13219284603422e+000
 3.92760736196319e-001    5.59875583203733e+000
 4.02699386503067e-001    6.14307931570762e+000
 4.12638036809816e-001    6.76516329704510e+000
 4.28098159509202e-001    7.85381026438569e+000
 4.34723926380368e-001    8.32037325038880e+000
 4.41349693251534e-001    8.78693623639191e+000
 4.52392638036810e-001    9.72006220839813e+000
 4.63435582822086e-001    1.06531881804044e+001
 4.75582822085890e-001    1.18195956454121e+001
 4.84417177914110e-001    1.27527216174184e+001
 4.93251533742331e-001    1.36080870917574e+001
 5.02085889570552e-001    1.45412130637636e+001
 5.15337423312883e-001    1.59409020217729e+001
 5.27484662576687e-001    1.72628304821151e+001
 5.36319018404908e-001    1.81959564541213e+001
 5.42944785276074e-001    1.88958009331260e+001
 5.51779141104294e-001    1.98289269051322e+001
 5.56196319018405e-001    2.02177293934681e+001
 5.62822085889571e-001    2.09175738724728e+001
 5.70552147239264e-001    2.16174183514775e+001
 5.76073619631902e-001    2.20839813374806e+001
 5.80490797546012e-001    2.24727838258165e+001
 5.84907975460123e-001    2.27838258164852e+001
 5.88220858895705e-001    2.30171073094868e+001
 5.93742331288344e-001    2.34059097978227e+001
 5.98159509202454e-001    2.37169517884914e+001
 6.02576687116564e-001    2.40279937791602e+001
 6.10306748466258e-001    2.44167962674961e+001
 6.14723926380368e-001    2.46500777604977e+001
 6.20245398773006e-001    2.48833592534992e+001
 6.26871165644172e-001    2.51166407465008e+001
 6.32392638036810e-001    2.52721617418351e+001
 6.41226993865031e-001    2.55054432348367e+001
 6.47852760736196e-001    2.55832037325039e+001
 6.55582822085889e-001    2.56609642301711e+001
 6.69938650306748e-001    2.57387247278383e+001
 6.82085889570552e-001    2.56609642301711e+001
 6.89815950920245e-001    2.55832037325039e+001
 6.96441717791411e-001    2.55054432348367e+001
 7.04171779141104e-001    2.54276827371695e+001
 7.10797546012270e-001    2.52721617418351e+001
 7.18527607361963e-001    2.51166407465008e+001
 7.27361963190184e-001    2.49611197511664e+001
 7.36196319018405e-001    2.47278382581649e+001
 7.45030674846626e-001    2.44945567651633e+001
 7.54969325153374e-001    2.42612752721617e+001
 7.71533742331288e-001    2.37169517884914e+001
 7.89202453987730e-001    2.31726283048211e+001
 7.99141104294478e-001    2.28615863141524e+001
 8.11288343558282e-001    2.24727838258165e+001
 8.22331288343558e-001    2.20839813374806e+001
 8.31165644171779e-001    2.17729393468118e+001
 8.40000000000000e-001    2.14618973561431e+001
 8.51042944785276e-001    2.10730948678072e+001
 8.70920245398773e-001    2.03732503888025e+001
 8.83067484662577e-001    1.99066874027994e+001
 8.90797546012270e-001    1.95956454121306e+001
 9.04049079754601e-001    1.91290824261275e+001
 9.20613496932515e-001    1.85069984447900e+001
 9.34969325153374e-001    1.79626749611198e+001
 9.51533742331288e-001    1.73405909797823e+001
 9.68098159509202e-001    1.67185069984448e+001
 9.83558282208589e-001    1.61741835147745e+001
 1.00012269938650e+000    1.55520995334370e+001
 1.01668711656442e+000    1.50077760497667e+001
 1.02993865030675e+000    1.45412130637636e+001
 1.03987730061350e+000    1.42301710730949e+001
 1.04981595092025e+000    1.39191290824261e+001
 1.06196319018405e+000    1.35303265940902e+001
 1.06748466257669e+000    1.33748055987558e+001
 1.07852760736196e+000    1.30637636080871e+001
 1.08957055214724e+000    1.27527216174184e+001
 1.10503067484663e+000    1.23639191290824e+001
 1.11828220858896e+000    1.19751166407465e+001
 1.12822085889571e+000    1.17418351477449e+001
 1.13815950920245e+000    1.15085536547434e+001
 1.14699386503067e+000    1.12752721617418e+001
 1.15693251533742e+000    1.10419906687403e+001
 1.16797546012270e+000    1.08087091757387e+001
 1.17901840490798e+000    1.05754276827372e+001
 1.20000000000000e+000    1.01088646967341e+001
