 4.00000000000000e+000    7.69230769230769e-002
 4.12307692307692e+000    1.17948717948718e-001
 4.18461538461538e+000    1.48717948717949e-001
 4.22564102564103e+000    1.79487179487179e-001
 4.30769230769231e+000    2.30769230769231e-001
 4.36923076923077e+000    2.76923076923077e-001
 4.43076923076923e+000    3.17948717948718e-001
 4.49230769230769e+000    3.58974358974359e-001
 4.53333333333333e+000    3.84615384615385e-001
 4.59487179487179e+000    4.15384615384615e-001
 4.65641025641026e+000    4.41025641025641e-001
 4.71794871794872e+000    4.66666666666667e-001
 4.75897435897436e+000    4.82051282051282e-001
 4.94358974358974e+000    5.28205128205128e-001
 5.02564102564103e+000    5.43589743589744e-001
 5.14871794871795e+000    5.64102564102564e-001
 5.29230769230769e+000    5.84615384615385e-001
 5.39487179487180e+000    6.00000000000000e-001
 5.49743589743590e+000    6.15384615384615e-001
 5.84615384615385e+000    6.61538461538462e-001
 6.21538461538462e+000    7.02564102564103e-001
 6.54358974358974e+000    7.38461538461539e-001
 6.85128205128205e+000    7.74358974358974e-001
 7.05641025641026e+000    8.00000000000000e-001
 7.20000000000000e+000    8.20512820512820e-001
 7.40512820512821e+000    8.56410256410256e-001
 7.56923076923077e+000    8.87179487179487e-001
 7.69230769230769e+000    9.12820512820513e-001
 7.87692307692308e+000    9.58974358974359e-001
 8.14358974358974e+000    1.03076923076923e+000
 8.24615384615385e+000    1.06153846153846e+000
 8.34871794871795e+000    1.09230769230769e+000
 8.47179487179487e+000    1.13333333333333e+000
 8.55384615384615e+000    1.15897435897436e+000
 8.67692307692308e+000    1.19487179487179e+000
 8.77948717948718e+000    1.22564102564103e+000
 8.94358974358974e+000    1.26666666666667e+000
 9.02564102564103e+000    1.28717948717949e+000
 9.14871794871795e+000    1.30256410256410e+000
 9.23076923076923e+000    1.30769230769231e+000
 9.33333333333333e+000    1.30769230769231e+000
 9.39487179487180e+000    1.30256410256410e+000
 9.45641025641026e+000    1.29230769230769e+000
 9.57948717948718e+000    1.26153846153846e+000
 9.68205128205128e+000    1.22051282051282e+000
 9.76410256410256e+000    1.18461538461538e+000
 9.88717948717949e+000    1.11794871794872e+000
 9.94871794871795e+000    1.08205128205128e+000
 1.00307692307692e+001    1.02564102564103e+000
 1.01128205128205e+001    9.74358974358974e-001
 1.01948717948718e+001    9.17948717948718e-001
 1.02974358974359e+001    8.46153846153846e-001
 1.04205128205128e+001    7.64102564102564e-001
 1.05230769230769e+001    6.97435897435897e-001
 1.06256410256410e+001    6.35897435897436e-001
 1.07076923076923e+001    5.89743589743590e-001
 1.07692307692308e+001    5.53846153846154e-001
 1.08307692307692e+001    5.23076923076923e-001
 1.08923076923077e+001    4.92307692307692e-001
 1.09538461538462e+001    4.66666666666667e-001
 1.10153846153846e+001    4.35897435897436e-001
 1.10769230769231e+001    4.10256410256410e-001
 1.11589743589744e+001    3.79487179487179e-001
 1.12820512820513e+001    3.38461538461538e-001
 1.13846153846154e+001    3.07692307692308e-001
 1.16307692307692e+001    2.46153846153846e-001
 1.18358974358974e+001    2.05128205128205e-001
 1.19179487179487e+001    1.89743589743590e-001
 1.20000000000000e+001    1.79487179487179e-001
