 4.00000000000000e+000    8.20512820512821e-002
 4.08205128205128e+000    1.12820512820513e-001
 4.14358974358974e+000    1.48717948717949e-001
 4.18461538461538e+000    1.79487179487179e-001
 4.22564102564103e+000    2.10256410256410e-001
 4.26666666666667e+000    2.46153846153846e-001
 4.30769230769231e+000    2.76923076923077e-001
 4.34871794871795e+000    3.07692307692308e-001
 4.38974358974359e+000    3.43589743589744e-001
 4.43076923076923e+000    3.74358974358974e-001
 4.47179487179487e+000    4.05128205128205e-001
 4.53333333333333e+000    4.35897435897436e-001
 4.59487179487179e+000    4.66666666666667e-001
 4.65641025641026e+000    4.87179487179487e-001
 4.75897435897436e+000    5.07692307692308e-001
 4.90256410256410e+000    5.23076923076923e-001
 5.02564102564103e+000    5.28205128205128e-001
 5.14871794871795e+000    5.33333333333333e-001
 5.25128205128205e+000    5.38461538461538e-001
 5.33333333333333e+000    5.43589743589744e-001
 5.41538461538462e+000    5.48717948717949e-001
 5.57948717948718e+000    5.53846153846154e-001
 6.09230769230769e+000    5.53846153846154e-001
 6.35897435897436e+000    5.48717948717949e-001
 7.13846153846154e+000    5.48717948717949e-001
 7.42564102564103e+000    5.53846153846154e-001
 7.58974358974359e+000    5.58974358974359e-001
 7.71282051282051e+000    5.64102564102564e-001
 7.83589743589744e+000    5.69230769230769e-001
 8.00000000000000e+000    5.79487179487180e-001
 8.08205128205128e+000    5.84615384615385e-001
 8.20512820512820e+000    5.94871794871795e-001
 8.32820512820513e+000    6.05128205128205e-001
 8.45128205128205e+000    6.15384615384615e-001
 8.61538461538462e+000    6.30769230769231e-001
 8.73846153846154e+000    6.41025641025641e-001
 8.86153846153846e+000    6.56410256410256e-001
 8.96410256410256e+000    6.66666666666667e-001
 9.12820512820513e+000    6.87179487179487e-001
 9.27179487179487e+000    7.02564102564103e-001
 9.37435897435897e+000    7.12820512820513e-001
 9.51794871794872e+000    7.28205128205128e-001
 9.62051282051282e+000    7.38461538461539e-001
 9.76410256410256e+000    7.48717948717949e-001
 9.88717948717949e+000    7.58974358974359e-001
 1.00102564102564e+001    7.64102564102564e-001
 1.01538461538462e+001    7.69230769230769e-001
 1.02769230769231e+001    7.64102564102564e-001
 1.04205128205128e+001    7.58974358974359e-001
 1.05230769230769e+001    7.48717948717949e-001
 1.06461538461538e+001    7.33333333333333e-001
 1.07487179487180e+001    7.12820512820513e-001
 1.08923076923077e+001    6.87179487179487e-001
 1.11794871794872e+001    6.15384615384615e-001
 1.13230769230769e+001    5.74358974358974e-001
 1.14461538461538e+001    5.38461538461538e-001
 1.15282051282051e+001    5.12820512820513e-001
 1.16717948717949e+001    4.71794871794872e-001
 1.18564102564103e+001    4.20512820512821e-001
 1.20000000000000e+001    3.84615384615385e-001
