 5.00000000000000e+000    7.14285714285714e-002
 5.05093378607810e+000    9.18367346938775e-002
 5.09168081494058e+000    1.17346938775510e-001
 5.13242784380306e+000    1.42857142857143e-001
 5.17317487266553e+000    1.73469387755102e-001
 5.20373514431239e+000    1.98979591836735e-001
 5.23429541595925e+000    2.24489795918367e-001
 5.26485568760611e+000    2.55102040816327e-001
 5.29541595925297e+000    2.85714285714286e-001
 5.32597623089983e+000    3.11224489795918e-001
 5.35653650254669e+000    3.41836734693878e-001
 5.38709677419355e+000    3.72448979591837e-001
 5.42784380305603e+000    4.13265306122449e-001
 5.46859083191851e+000    4.48979591836735e-001
 5.50933786078098e+000    4.84693877551020e-001
 5.53989813242784e+000    5.10204081632653e-001
 5.57045840407470e+000    5.35714285714286e-001
 5.60101867572156e+000    5.56122448979592e-001
 5.63157894736842e+000    5.71428571428571e-001
 5.66213921901528e+000    5.86734693877551e-001
 5.69269949066214e+000    6.02040816326531e-001
 5.73344651952462e+000    6.22448979591837e-001
 5.77419354838710e+000    6.37755102040816e-001
 5.81494057724958e+000    6.53061224489796e-001
 5.86587436332767e+000    6.68367346938776e-001
 5.90662139219015e+000    6.78571428571429e-001
 5.94736842105263e+000    6.88775510204082e-001
 6.00848896434635e+000    6.98979591836735e-001
 6.04923599320883e+000    7.04081632653061e-001
 6.07979626485569e+000    7.09183673469388e-001
 6.12054329371817e+000    7.14285714285714e-001
 6.15110356536503e+000    7.19387755102041e-001
 6.19185059422750e+000    7.24489795918367e-001
 6.23259762308998e+000    7.29591836734694e-001
 6.27334465195246e+000    7.34693877551020e-001
 6.31409168081494e+000    7.39795918367347e-001
 6.35483870967742e+000    7.44897959183674e-001
 6.40577249575552e+000    7.50000000000000e-001
 6.43633276740238e+000    7.55102040816326e-001
 6.48726655348048e+000    7.60204081632653e-001
 6.52801358234295e+000    7.65306122448980e-001
 6.55857385398981e+000    7.70408163265306e-001
 6.59932088285229e+000    7.75510204081633e-001
 6.62988115449915e+000    7.80612244897959e-001
 6.66044142614601e+000    7.85714285714286e-001
 6.69100169779287e+000    7.90816326530612e-001
 6.72156196943973e+000    7.95918367346939e-001
 6.75212224108659e+000    8.01020408163265e-001
 6.79286926994907e+000    8.06122448979592e-001
 6.81324278438031e+000    8.11224489795918e-001
 6.84380305602716e+000    8.16326530612245e-001
 6.87436332767402e+000    8.21428571428572e-001
 6.89473684210526e+000    8.26530612244898e-001
 6.92529711375212e+000    8.31632653061224e-001
 6.94567062818336e+000    8.36734693877551e-001
 6.96604414261460e+000    8.41836734693878e-001
 6.99660441426146e+000    8.46938775510204e-001
 7.01697792869270e+000    8.52040816326531e-001
 7.06791171477080e+000    8.62244897959184e-001
 7.10865874363328e+000    8.72448979591837e-001
 7.14940577249576e+000    8.82653061224490e-001
 7.20033955857385e+000    8.92857142857143e-001
 7.24108658743633e+000    9.03061224489796e-001
 7.29202037351443e+000    9.18367346938776e-001
 7.33276740237691e+000    9.28571428571429e-001
 7.38370118845501e+000    9.43877551020408e-001
 7.43463497453311e+000    9.59183673469388e-001
 7.48556876061121e+000    9.74489795918367e-001
 7.53650254668930e+000    9.89795918367347e-001
 7.57724957555178e+000    1.00510204081633e+000
 7.62818336162988e+000    1.02040816326531e+000
 7.66893039049236e+000    1.03571428571429e+000
 7.73005093378608e+000    1.05612244897959e+000
 7.79117147707980e+000    1.07653061224490e+000
 7.84210526315789e+000    1.09693877551020e+000
 7.89303904923599e+000    1.11734693877551e+000
 7.95415959252971e+000    1.13775510204082e+000
 8.01528013582343e+000    1.15816326530612e+000
 8.06621392190153e+000    1.17857142857143e+000
 8.11714770797963e+000    1.19897959183673e+000
 8.18845500848897e+000    1.22448979591837e+000
 8.26994906621392e+000    1.25510204081633e+000
 8.34125636672326e+000    1.27551020408163e+000
 8.41256366723260e+000    1.29591836734694e+000
 8.47368421052632e+000    1.31122448979592e+000
 8.54499151103565e+000    1.32653061224490e+000
 8.60611205432937e+000    1.33673469387755e+000
 8.63667232597623e+000    1.34183673469388e+000
 8.67741935483871e+000    1.34693877551020e+000
 8.77928692699491e+000    1.35204081632653e+000
 8.88115449915110e+000    1.34693877551020e+000
 8.92190152801358e+000    1.34183673469388e+000
 8.96264855687606e+000    1.33673469387755e+000
 9.01358234295416e+000    1.32653061224490e+000
 9.06451612903226e+000    1.31122448979592e+000
 9.12563667232598e+000    1.29081632653061e+000
 9.17657045840408e+000    1.27040816326531e+000
 9.25806451612903e+000    1.23469387755102e+000
 9.32937181663837e+000    1.19897959183673e+000
 9.42105263157895e+000    1.14795918367347e+000
 9.50254668930391e+000    1.09693877551020e+000
 9.57385398981324e+000    1.05102040816327e+000
 9.67572156196944e+000    9.84693877551020e-001
 9.74702886247878e+000    9.33673469387755e-001
 9.79796264855688e+000    8.97959183673469e-001
 9.84889643463497e+000    8.67346938775510e-001
 9.92020373514431e+000    8.16326530612245e-001
 1.00322580645161e+001    7.50000000000000e-001
 1.01035653650255e+001    7.04081632653061e-001
 1.01748726655348e+001    6.63265306122449e-001
 1.02461799660441e+001    6.22448979591837e-001
 1.03073005093379e+001    5.91836734693878e-001
 1.04295415959253e+001    5.30612244897959e-001
 1.05415959252971e+001    4.79591836734694e-001
 1.06638370118845e+001    4.33673469387755e-001
 1.07860780984720e+001    3.87755102040816e-001
 1.08981324278438e+001    3.52040816326531e-001
 1.09694397283531e+001    3.31632653061224e-001
 1.10000000000000e+001    3.26530612244898e-001
