 3.00621118012422e+000    4.27480916030534e-002
 3.13043478260870e+000    5.49618320610687e-002
 3.25465838509317e+000    7.32824427480916e-002
 3.40993788819876e+000    9.77099236641221e-002
 3.54968944099379e+000    1.22137404580153e-001
 3.67391304347826e+000    1.46564885496183e-001
 3.73602484472050e+000    1.58778625954198e-001
 3.86024844720497e+000    1.83206106870229e-001
 3.95341614906832e+000    2.01526717557252e-001
 4.04658385093168e+000    2.19847328244275e-001
 4.13975155279503e+000    2.38167938931298e-001
 4.21739130434783e+000    2.56488549618321e-001
 4.31055900621118e+000    2.74809160305344e-001
 4.38819875776398e+000    2.93129770992366e-001
 4.49689440993789e+000    3.17557251908397e-001
 4.60559006211180e+000    3.41984732824427e-001
 4.77639751552795e+000    3.78625954198473e-001
 4.91614906832298e+000    4.09160305343511e-001
 5.05590062111801e+000    4.39694656488550e-001
 5.24223602484472e+000    4.76335877862595e-001
 5.36645962732919e+000    5.00763358778626e-001
 5.49068322981366e+000    5.25190839694657e-001
 5.64596273291926e+000    5.55725190839695e-001
 5.81677018633540e+000    5.86259541984733e-001
 5.94099378881988e+000    6.10687022900763e-001
 6.11180124223602e+000    6.41221374045801e-001
 6.29813664596273e+000    6.77862595419847e-001
 6.43788819875776e+000    7.02290076335878e-001
 6.65527950310559e+000    7.51145038167939e-001
 6.82608695652174e+000    7.87786259541985e-001
 6.95031055900621e+000    8.18320610687023e-001
 7.04347826086957e+000    8.42748091603053e-001
 7.13664596273292e+000    8.67175572519084e-001
 7.26086956521739e+000    9.03816793893130e-001
 7.41614906832298e+000    9.52671755725191e-001
 7.58695652173913e+000    1.01374045801527e+000
 7.77329192546584e+000    1.08702290076336e+000
 7.95962732919255e+000    1.16641221374046e+000
 8.17701863354037e+000    1.26412213740458e+000
 8.40993788819876e+000    1.36183206106870e+000
 8.50310559006211e+000    1.39847328244275e+000
 8.61180124223602e+000    1.43511450381679e+000
 8.67391304347826e+000    1.44732824427481e+000
 8.75155279503106e+000    1.45954198473282e+000
 8.84472049689441e+000    1.46564885496183e+000
 8.93788819875777e+000    1.45954198473282e+000
 9.00000000000000e+000    1.44732824427481e+000
 9.10869565217391e+000    1.41068702290076e+000
 9.17080745341615e+000    1.38015267175573e+000
 9.23291925465838e+000    1.34351145038168e+000
 9.29503105590062e+000    1.30687022900763e+000
 9.35714285714286e+000    1.25801526717557e+000
 9.41925465838509e+000    1.20916030534351e+000
 9.48136645962733e+000    1.16030534351145e+000
 9.55900621118012e+000    1.09312977099237e+000
 9.62111801242236e+000    1.03816793893130e+000
 9.74534161490683e+000    9.28244274809160e-001
 9.80745341614907e+000    8.73282442748092e-001
 9.85403726708075e+000    8.30534351145038e-001
 9.88509316770186e+000    8.06106870229008e-001
 9.93167701863354e+000    7.69465648854962e-001
 9.99378881987578e+000    7.20610687022901e-001
 1.00714285714286e+001    6.59541984732824e-001
 1.01024844720497e+001    6.35114503816794e-001
 1.01490683229814e+001    6.04580152671756e-001
 1.02111801242236e+001    5.61832061068702e-001
 1.02732919254658e+001    5.19083969465649e-001
 1.03198757763975e+001    4.94656488549618e-001
 1.03664596273292e+001    4.70229007633588e-001
 1.04440993788820e+001    4.27480916030534e-001
 1.05217391304348e+001    3.90839694656489e-001
 1.05993788819876e+001    3.54198473282443e-001
 1.07080745341615e+001    3.11450381679389e-001
 1.08633540372671e+001    2.62595419847328e-001
 1.10031055900621e+001    2.25954198473282e-001
 1.11273291925466e+001    1.95419847328244e-001
 1.11894409937888e+001    1.83206106870229e-001
 1.13602484472050e+001    1.52671755725191e-001
 1.14534161490683e+001    1.40458015267176e-001
 1.16242236024845e+001    1.16030534351145e-001
 1.17173913043478e+001    1.03816793893130e-001
 1.17950310559006e+001    9.77099236641221e-002
 1.18571428571429e+001    9.16030534351145e-002
 1.19658385093168e+001    7.93893129770992e-002
 1.20900621118012e+001    7.32824427480916e-002
 1.21677018633540e+001    6.71755725190840e-002
 1.22763975155280e+001    6.10687022900763e-002
 1.23695652173913e+001    5.49618320610687e-002
 1.25093167701863e+001    4.88549618320611e-002
 1.26490683229814e+001    4.27480916030534e-002
 1.28354037267081e+001    3.66412213740458e-002
 1.30217391304348e+001    3.05343511450382e-002
 1.32391304347826e+001    2.44274809160305e-002
 1.35962732919255e+001    1.83206106870229e-002
 1.40000000000000e+001    1.22137404580153e-002
