 3.00934579439252e+000    0.00000000000000e+000
 3.98130841121495e+000    1.43884892086331e-002
 4.16822429906542e+000    2.15827338129496e-002
 4.31775700934579e+000    2.87769784172662e-002
 4.46728971962617e+000    3.59712230215827e-002
 4.59813084112150e+000    4.31654676258993e-002
 4.71028037383178e+000    5.03597122302158e-002
 4.80373831775701e+000    5.75539568345324e-002
 4.89719626168224e+000    6.47482014388489e-002
 4.95327102803738e+000    7.19424460431655e-002
 5.04672897196262e+000    7.91366906474820e-002
 5.10280373831776e+000    8.63309352517986e-002
 5.15887850467290e+000    9.35251798561151e-002
 5.21495327102804e+000    1.00719424460432e-001
 5.27102803738318e+000    1.07913669064748e-001
 5.32710280373832e+000    1.15107913669065e-001
 5.36448598130841e+000    1.22302158273381e-001
 5.45794392523364e+000    1.36690647482014e-001
 5.57009345794392e+000    1.58273381294964e-001
 5.70093457943925e+000    1.87050359712230e-001
 5.86915887850467e+000    2.37410071942446e-001
 5.98130841121495e+000    2.73381294964029e-001
 6.09345794392523e+000    3.16546762589928e-001
 6.18691588785047e+000    3.52517985611511e-001
 6.26168224299065e+000    3.95683453237410e-001
 6.35514018691589e+000    4.46043165467626e-001
 6.46728971962617e+000    5.10791366906475e-001
 6.52336448598131e+000    5.53956834532374e-001
 6.59813084112150e+000    6.04316546762590e-001
 6.67289719626168e+000    6.61870503597122e-001
 6.74766355140187e+000    7.19424460431655e-001
 6.82242990654206e+000    7.84172661870504e-001
 6.91588785046729e+000    8.70503597122302e-001
 6.99065420560748e+000    9.35251798561151e-001
 7.04672897196262e+000    9.78417266187050e-001
 7.10280373831776e+000    1.02158273381295e+000
 7.15887850467290e+000    1.06474820143885e+000
 7.21495327102804e+000    1.10791366906475e+000
 7.27102803738318e+000    1.14388489208633e+000
 7.30841121495327e+000    1.16546762589928e+000
 7.42056074766355e+000    1.22302158273381e+000
 7.49532710280374e+000    1.24460431654676e+000
 7.57009345794392e+000    1.25179856115108e+000
 7.60747663551402e+000    1.25179856115108e+000
 7.64485981308411e+000    1.23741007194245e+000
 7.68224299065421e+000    1.21582733812950e+000
 7.70093457943925e+000    1.19424460431655e+000
 7.71962616822430e+000    1.17266187050360e+000
 7.73831775700935e+000    1.13669064748201e+000
 7.75700934579439e+000    1.09352517985612e+000
 7.77570093457944e+000    1.03597122302158e+000
 7.79439252336449e+000    9.71223021582734e-001
 7.81308411214953e+000    8.34532374100719e-001
 7.83177570093458e+000    6.83453237410072e-001
 7.85046728971963e+000    5.46762589928057e-001
 7.86915887850467e+000    4.24460431654676e-001
 7.88785046728972e+000    3.09352517985612e-001
 7.90654205607477e+000    2.30215827338130e-001
 7.94392523364486e+000    2.87769784172662e-002
 7.96261682242991e+000    2.23021582733813e-001
 7.98130841121495e+000    3.81294964028777e-001
 8.00000000000000e+000    4.74820143884892e-001
 8.01869158878505e+000    5.89928057553957e-001
 8.03738317757009e+000    6.90647482014388e-001
 8.05607476635514e+000    7.76978417266187e-001
 8.07476635514019e+000    8.41726618705036e-001
 8.09345794392523e+000    8.84892086330935e-001
 8.11214953271028e+000    9.28057553956835e-001
 8.13084112149533e+000    9.56834532374101e-001
 8.14953271028037e+000    9.85611510791367e-001
 8.16822429906542e+000    1.00719424460432e+000
 8.18691588785047e+000    1.02877697841727e+000
 8.20560747663551e+000    1.04316546762590e+000
 8.28037383177570e+000    1.07913669064748e+000
 8.35514018691589e+000    1.09352517985612e+000
 8.42990654205607e+000    1.10071942446043e+000
 8.76635514018692e+000    1.10791366906475e+000
 8.99065420560748e+000    1.11510791366906e+000
 9.08411214953271e+000    1.12230215827338e+000
 9.15887850467290e+000    1.12949640287770e+000
 9.21495327102804e+000    1.13669064748201e+000
 9.25233644859813e+000    1.14388489208633e+000
 9.32710280373832e+000    1.15827338129496e+000
 9.51401869158878e+000    1.20143884892086e+000
 9.60747663551402e+000    1.23021582733813e+000
 9.73831775700935e+000    1.27338129496403e+000
 1.02056074766355e+001    1.44604316546763e+000
 1.03364485981308e+001    1.48920863309353e+000
 1.04299065420561e+001    1.51079136690647e+000
 1.05046728971963e+001    1.52517985611511e+000
 1.06728971962617e+001    1.52517985611511e+000
 1.07289719626168e+001    1.51798561151079e+000
 1.07850467289720e+001    1.50359712230216e+000
 1.08598130841121e+001    1.47482014388489e+000
 1.10467289719626e+001    1.36690647482014e+000
 1.11028037383178e+001    1.32374100719424e+000
 1.12149532710280e+001    1.23741007194245e+000
 1.13271028037383e+001    1.13669064748201e+000
 1.14018691588785e+001    1.06474820143885e+000
 1.14766355140187e+001    1.00000000000000e+000
 1.15700934579439e+001    9.13669064748201e-001
 1.16261682242991e+001    8.70503597122302e-001
 1.17570093457944e+001    7.62589928057554e-001
 1.18317757009346e+001    7.05035971223022e-001
 1.19065420560748e+001    6.47482014388489e-001
 1.19813084112150e+001    5.97122302158273e-001
 1.20934579439252e+001    5.32374100719424e-001
 1.21308411214953e+001    5.10791366906475e-001
 1.22056074766355e+001    4.74820143884892e-001
 1.22803738317757e+001    4.38848920863309e-001
 1.23177570093458e+001    4.17266187050360e-001
 1.24112149532710e+001    3.81294964028777e-001
 1.25046728971963e+001    3.45323741007194e-001
 1.26355140186916e+001    3.02158273381295e-001
 1.27476635514019e+001    2.73381294964029e-001
 1.28598130841121e+001    2.44604316546763e-001
 1.29906542056075e+001    2.15827338129496e-001
 1.31214953271028e+001    1.94244604316547e-001
 1.32523364485981e+001    1.72661870503597e-001
 1.34205607476636e+001    1.51079136690647e-001
 1.36074766355140e+001    1.29496402877698e-001
 1.37009345794393e+001    1.22302158273381e-001
 1.38691588785047e+001    1.07913669064748e-001
 1.39626168224299e+001    1.00719424460432e-001
 1.41495327102804e+001    8.63309352517986e-002
 1.43925233644860e+001    7.19424460431655e-002
 1.45420560747664e+001    6.47482014388489e-002
 1.47102803738318e+001    5.75539568345324e-002
 1.49906542056075e+001    5.03597122302158e-002
 1.52149532710280e+001    4.31654676258993e-002
 1.55700934579439e+001    3.59712230215827e-002
 1.59252336448598e+001    2.87769784172662e-002
