 2.99065420560748e+000    1.72661870503597e-001
 3.10280373831776e+000    2.08633093525180e-001
 3.19626168224299e+000    2.58992805755396e-001
 3.25233644859813e+000    3.02158273381295e-001
 3.30841121495327e+000    3.38129496402878e-001
 3.36448598130841e+000    3.81294964028777e-001
 3.40186915887850e+000    4.10071942446043e-001
 3.43925233644860e+000    4.38848920863309e-001
 3.49532710280374e+000    4.67625899280576e-001
 3.53271028037383e+000    4.74820143884892e-001
 3.57009345794393e+000    4.74820143884892e-001
 3.60747663551402e+000    4.67625899280576e-001
 3.64485981308411e+000    4.46043165467626e-001
 3.68224299065421e+000    4.24460431654676e-001
 3.70093457943925e+000    4.10071942446043e-001
 3.71962616822430e+000    3.88489208633094e-001
 3.75700934579439e+000    3.52517985611511e-001
 3.77570093457944e+000    3.38129496402878e-001
 3.79439252336449e+000    3.23741007194245e-001
 3.81308411214953e+000    3.09352517985612e-001
 3.85046728971963e+000    2.73381294964029e-001
 3.88785046728972e+000    2.37410071942446e-001
 3.92523364485981e+000    2.08633093525180e-001
 3.96261682242991e+000    1.87050359712230e-001
 4.00000000000000e+000    1.65467625899281e-001
 4.03738317757009e+000    1.43884892086331e-001
 4.11214953271028e+000    1.15107913669065e-001
 4.18691588785047e+000    8.63309352517986e-002
 4.26168224299065e+000    7.19424460431655e-002
 4.33644859813084e+000    5.75539568345324e-002
 4.37383177570093e+000    5.03597122302158e-002
 4.41121495327103e+000    4.31654676258993e-002
 4.46728971962617e+000    3.59712230215827e-002
 4.54205607476636e+000    2.87769784172662e-002
 4.65420560747664e+000    2.15827338129496e-002
 4.78504672897196e+000    1.43884892086331e-002
 5.00934579439252e+000    7.19424460431655e-003
 5.45794392523364e+000    0.00000000000000e+000
 6.00000000000000e+000    0.00000000000000e+000
 6.26168224299065e+000    7.19424460431655e-003
 6.56074766355140e+000    2.15827338129496e-002
 6.69158878504673e+000    3.59712230215827e-002
 6.78504672897196e+000    5.03597122302158e-002
 6.84112149532710e+000    6.47482014388489e-002
 6.97196261682243e+000    1.07913669064748e-001
 7.06542056074766e+000    1.51079136690647e-001
 7.12149532710280e+000    1.87050359712230e-001
 7.17757009345794e+000    2.23021582733813e-001
 7.21495327102804e+000    2.58992805755396e-001
 7.25233644859813e+000    2.94964028776978e-001
 7.28971962616822e+000    3.38129496402878e-001
 7.32710280373832e+000    4.02877697841727e-001
 7.38317757009346e+000    4.82014388489209e-001
 7.40186915887850e+000    5.10791366906475e-001
 7.42056074766355e+000    5.53956834532374e-001
 7.45794392523364e+000    6.18705035971223e-001
 7.47663551401869e+000    6.54676258992806e-001
 7.49532710280374e+000    6.83453237410072e-001
 7.51401869158878e+000    7.26618705035971e-001
 7.53271028037383e+000    7.62589928057554e-001
 7.55140186915888e+000    8.05755395683453e-001
 7.57009345794392e+000    8.41726618705036e-001
 7.58878504672897e+000    8.84892086330935e-001
 7.60747663551402e+000    9.20863309352518e-001
 7.62616822429907e+000    9.56834532374101e-001
 7.64485981308411e+000    9.92805755395684e-001
 7.66355140186916e+000    1.02877697841727e+000
 7.68224299065421e+000    1.05755395683453e+000
 7.70093457943925e+000    1.08633093525180e+000
 7.71962616822430e+000    1.11510791366906e+000
 7.73831775700935e+000    1.14388489208633e+000
 7.75700934579439e+000    1.16546762589928e+000
 7.77570093457944e+000    1.17985611510791e+000
 7.79439252336449e+000    1.20143884892086e+000
 7.83177570093458e+000    1.22302158273381e+000
 7.86915887850467e+000    1.23741007194245e+000
 7.94392523364486e+000    1.23741007194245e+000
 8.00000000000000e+000    1.21582733812950e+000
 8.05607476635514e+000    1.19424460431655e+000
 8.11214953271028e+000    1.16546762589928e+000
 8.22429906542056e+000    1.10791366906475e+000
 8.28037383177570e+000    1.07913669064748e+000
 8.37383177570094e+000    1.05035971223022e+000
 8.46728971962617e+000    1.03597122302158e+000
 8.59813084112150e+000    1.03597122302158e+000
 8.69158878504673e+000    1.05035971223022e+000
 8.82242990654206e+000    1.10071942446043e+000
 8.89719626168224e+000    1.14388489208633e+000
 8.99065420560748e+000    1.20143884892086e+000
 9.12149532710280e+000    1.29496402877698e+000
 9.21495327102804e+000    1.35971223021583e+000
 9.28971962616822e+000    1.40287769784173e+000
 9.32710280373832e+000    1.42446043165468e+000
 9.38317757009346e+000    1.43165467625899e+000
 9.43925233644860e+000    1.43165467625899e+000
 9.49532710280374e+000    1.41007194244604e+000
 9.53271028037383e+000    1.38129496402878e+000
 9.57009345794393e+000    1.34532374100719e+000
 9.60747663551402e+000    1.30935251798561e+000
 9.66355140186916e+000    1.23741007194245e+000
 9.70093457943925e+000    1.18705035971223e+000
 9.73831775700935e+000    1.12949640287770e+000
 9.77570093457944e+000    1.06474820143885e+000
 9.81308411214953e+000    1.00000000000000e+000
 9.88785046728972e+000    8.77697841726619e-001
 9.94392523364486e+000    7.84172661870504e-001
 9.98130841121495e+000    7.26618705035971e-001
 1.00186915887850e+001    6.76258992805755e-001
 1.00560747663551e+001    6.18705035971223e-001
 1.00934579439252e+001    5.75539568345324e-001
 1.01308411214953e+001    5.32374100719424e-001
 1.01682242990654e+001    4.82014388489209e-001
 1.02056074766355e+001    4.53237410071942e-001
 1.02429906542056e+001    4.17266187050360e-001
 1.02803738317757e+001    3.81294964028777e-001
 1.03177570093458e+001    3.52517985611511e-001
 1.03738317757009e+001    3.16546762589928e-001
 1.04672897196262e+001    2.66187050359712e-001
 1.05607476635514e+001    2.23021582733813e-001
 1.06542056074766e+001    1.87050359712230e-001
 1.07476635514019e+001    1.58273381294964e-001
 1.08971962616822e+001    1.22302158273381e-001
 1.09906542056075e+001    1.07913669064748e-001
 1.10467289719626e+001    1.00719424460432e-001
 1.11028037383178e+001    9.35251798561151e-002
 1.11962616822430e+001    7.91366906474820e-002
 1.13084112149533e+001    6.47482014388489e-002
 1.14205607476636e+001    5.75539568345324e-002
 1.15140186915888e+001    5.03597122302158e-002
 1.16074766355140e+001    4.31654676258993e-002
 1.17570093457944e+001    3.59712230215827e-002
 1.19439252336449e+001    2.87769784172662e-002
 1.22616822429907e+001    2.15827338129496e-002
 1.27663551401869e+001    1.43884892086331e-002
 1.33084112149533e+001    7.19424460431655e-003
 1.41869158878505e+001    0.00000000000000e+000
