 3.00621118012422e+000    2.25954198473282e-001
 3.16149068322981e+000    2.38167938931298e-001
 3.30124223602484e+000    2.50381679389313e-001
 3.42546583850932e+000    2.62595419847328e-001
 3.56521739130435e+000    2.74809160305344e-001
 3.70496894409938e+000    2.87022900763359e-001
 3.86024844720497e+000    2.99236641221374e-001
 3.93788819875776e+000    3.05343511450382e-001
 4.10869565217391e+000    3.17557251908397e-001
 4.20186335403727e+000    3.23664122137405e-001
 4.27950310559006e+000    3.29770992366412e-001
 4.48136645962733e+000    3.41984732824427e-001
 4.62111801242236e+000    3.54198473282443e-001
 4.79192546583851e+000    3.66412213740458e-001
 4.93167701863354e+000    3.78625954198473e-001
 5.05590062111801e+000    3.90839694656489e-001
 5.18012422360248e+000    4.03053435114504e-001
 5.27329192546584e+000    4.15267175572519e-001
 5.38198757763975e+000    4.27480916030534e-001
 5.49068322981366e+000    4.45801526717557e-001
 5.59937888198758e+000    4.64122137404580e-001
 5.69254658385093e+000    4.82442748091603e-001
 5.77018633540373e+000    5.00763358778626e-001
 5.86335403726708e+000    5.25190839694657e-001
 5.92546583850932e+000    5.43511450381679e-001
 6.00310559006211e+000    5.67938931297710e-001
 6.06521739130435e+000    5.86259541984733e-001
 6.20496894409938e+000    6.41221374045801e-001
 6.28260869565217e+000    6.77862595419847e-001
 6.40683229813665e+000    7.45038167938931e-001
 6.46894409937888e+000    7.81679389312977e-001
 6.54658385093168e+000    8.36641221374046e-001
 6.60869565217391e+000    8.79389312977099e-001
 6.65527950310559e+000    9.16030534351145e-001
 6.70186335403727e+000    9.52671755725191e-001
 6.74844720496894e+000    9.95419847328244e-001
 6.79503105590062e+000    1.03816793893130e+000
 6.87267080745342e+000    1.11145038167939e+000
 6.91925465838509e+000    1.15419847328244e+000
 6.96583850931677e+000    1.20305343511450e+000
 6.99689440993789e+000    1.23358778625954e+000
 7.04347826086957e+000    1.27633587786260e+000
 7.09006211180124e+000    1.31908396946565e+000
 7.13664596273292e+000    1.35572519083969e+000
 7.18322981366460e+000    1.38625954198473e+000
 7.24534161490683e+000    1.41679389312977e+000
 7.29192546583851e+000    1.43511450381679e+000
 7.35403726708075e+000    1.43511450381679e+000
 7.41614906832298e+000    1.41068702290076e+000
 7.46273291925466e+000    1.38625954198473e+000
 7.49378881987578e+000    1.36183206106870e+000
 7.52484472049689e+000    1.33129770992366e+000
 7.55590062111801e+000    1.29465648854962e+000
 7.58695652173913e+000    1.25801526717557e+000
 7.61801242236025e+000    1.21526717557252e+000
 7.64906832298137e+000    1.17862595419847e+000
 7.66459627329193e+000    1.15419847328244e+000
 7.68012422360248e+000    1.12977099236641e+000
 7.69565217391304e+000    1.10534351145038e+000
 7.71118012422360e+000    1.08091603053435e+000
 7.72670807453416e+000    1.05648854961832e+000
 7.74223602484472e+000    1.03206106870229e+000
 7.75776397515528e+000    1.01374045801527e+000
 7.77329192546584e+000    9.89312977099237e-001
 7.78881987577640e+000    9.58778625954198e-001
 7.80434782608696e+000    9.40458015267176e-001
 7.81987577639752e+000    9.16030534351145e-001
 7.83540372670807e+000    8.91603053435114e-001
 7.85093167701863e+000    8.67175572519084e-001
 7.86645962732919e+000    8.42748091603053e-001
 7.88198757763975e+000    8.24427480916031e-001
 7.89751552795031e+000    8.06106870229008e-001
 7.91304347826087e+000    7.81679389312977e-001
 7.92857142857143e+000    7.63358778625954e-001
 7.94409937888199e+000    7.38931297709924e-001
 7.95962732919255e+000    7.20610687022901e-001
 7.97515527950311e+000    6.96183206106870e-001
 7.99068322981366e+000    6.71755725190840e-001
 8.00621118012422e+000    6.53435114503817e-001
 8.02173913043478e+000    6.41221374045801e-001
 8.03726708074534e+000    6.22900763358779e-001
 8.05279503105590e+000    6.04580152671756e-001
 8.06832298136646e+000    5.86259541984733e-001
 8.08385093167702e+000    5.67938931297710e-001
 8.11490683229814e+000    5.37404580152672e-001
 8.14596273291926e+000    5.06870229007634e-001
 8.17701863354037e+000    4.76335877862595e-001
 8.20807453416149e+000    4.45801526717557e-001
 8.28571428571428e+000    3.90839694656489e-001
 8.33229813664596e+000    3.54198473282443e-001
 8.39440993788820e+000    3.17557251908397e-001
 8.48757763975155e+000    2.68702290076336e-001
 8.58074534161491e+000    2.25954198473282e-001
 8.67391304347826e+000    1.95419847328244e-001
 8.76708074534162e+000    1.64885496183206e-001
 8.84472049689441e+000    1.46564885496183e-001
 8.90683229813665e+000    1.34351145038168e-001
 9.00000000000000e+000    1.16030534351145e-001
 9.09316770186335e+000    9.77099236641221e-002
 9.18633540372671e+000    8.54961832061069e-002
 9.23291925465838e+000    7.93893129770992e-002
 9.35714285714286e+000    6.71755725190840e-002
 9.48136645962733e+000    5.49618320610687e-002
 9.57453416149068e+000    4.88549618320611e-002
 9.68322981366460e+000    4.27480916030534e-002
 9.77639751552795e+000    3.66412213740458e-002
 9.93167701863354e+000    3.05343511450382e-002
 1.00869565217391e+001    2.44274809160305e-002
 1.03819875776398e+001    1.83206106870229e-002
 1.07080745341615e+001    1.22137404580153e-002
 1.10807453416149e+001    6.10687022900763e-003
 1.19503105590062e+001    0.00000000000000e+000
