 4.05958549222798e-001    0.00000000000000e+000
 4.38341968911917e-001    2.09345794392523e-001
 4.53108808290155e-001    7.35327102803738e+000
 4.68911917098446e-001    5.54766355140187e+000
 4.84196891191710e-001    4.84112149532710e+000
 5.00259067357513e-001    4.00373831775701e+000
 5.16321243523316e-001    5.28598130841121e+000
 5.30829015544041e-001    4.39626168224299e+000
 5.46632124352332e-001    4.18691588785047e+000
 5.63471502590674e-001    2.85233644859813e+000
 5.94041450777202e-001    1.02056074766355e+000
 6.41191709844560e-001    2.09345794392523e-001
