 4.00000000000000e-001    1.45985401459854e-001
 4.51063829787234e-001    2.73722627737226e-001
 5.00303951367781e-001    3.97810218978102e-001
 5.51367781155015e-001    4.70802919708029e-001
 6.00607902735562e-001    5.51094890510949e-001
 6.49848024316109e-001    5.29197080291971e-001
 7.00911854103343e-001    4.85401459854015e-001
 7.50151975683891e-001    4.48905109489051e-001
 8.01215805471125e-001    4.30656934306569e-001
 8.50455927051672e-001    3.54014598540146e-001
 8.99696048632219e-001    2.48175182481752e-001
 9.50759878419453e-001    1.75182481751825e-001
 1.00000000000000e+000    8.02919708029197e-002
