 4.00000000000000e-001    9.48905109489051e-002
 4.51063829787234e-001    1.67883211678832e-001
 5.00303951367781e-001    3.10218978102190e-001
 5.51367781155015e-001    5.00000000000000e-001
 6.00607902735562e-001    6.49635036496350e-001
 6.49848024316109e-001    8.35766423357664e-001
 7.00911854103343e-001    7.91970802919708e-001
 7.50151975683891e-001    6.71532846715328e-001
 8.01215805471125e-001    7.04379562043796e-001
 8.50455927051672e-001    6.75182481751825e-001
 8.99696048632219e-001    3.10218978102190e-001
 9.50759878419453e-001    8.39416058394161e-002
 1.00000000000000e+000    1.24087591240876e-001
