 4.00000000000000e-001    6.29179331306991e-002
 4.51063829787234e-001    1.06686930091185e-001
 5.02127659574468e-001    1.83282674772036e-001
 5.51367781155015e-001    3.03647416413374e-001
 6.00607902735562e-001    4.29483282674772e-001
 6.51671732522796e-001    5.66261398176292e-001
 7.00911854103343e-001    6.81155015197568e-001
 7.51975683890578e-001    6.64741641337386e-001
 8.01215805471125e-001    8.09726443768997e-001
 8.50455927051672e-001    7.65957446808511e-001
 9.01519756838906e-001    4.18541033434650e-001
 9.50759878419453e-001    3.96656534954407e-001
 1.00000000000000e+000    4.34954407294833e-001
