 4.00000000000000e-001    6.17021276595745e-002
 4.51063829787234e-001    9.76912630149389e-002
 5.00303951367781e-001    1.59218780314299e-001
 5.51367781155015e-001    2.44144085882429e-001
 6.00607902735562e-001    3.26948198926470e-001
 6.49848024316109e-001    4.01241673672638e-001
 7.00911854103343e-001    5.05315915410981e-001
 7.50151975683891e-001    5.09396624199702e-001
 8.01215805471125e-001    6.53896397852939e-001
 8.50455927051672e-001    6.49466468343788e-001
 8.99696048632219e-001    4.98228028196340e-001
 9.50759878419453e-001    5.53366099721917e-001
 1.00000000000000e+000    4.82978723404255e-001
