 4.00000000000000e-001    8.02919708029197e-002
 4.51063829787234e-001    1.42335766423358e-001
 5.00303951367781e-001    2.44525547445255e-001
 5.51367781155015e-001    4.37956204379562e-001
 6.00607902735562e-001    5.40145985401460e-001
 6.49848024316109e-001    8.64963503649635e-001
 7.00911854103343e-001    9.30656934306569e-001
 7.50151975683891e-001    9.45255474452555e-001
 8.01215805471125e-001    1.00364963503650e+000
 8.50455927051672e-001    9.19708029197080e-001
 8.99696048632219e-001    5.54744525547445e-001
 9.50759878419453e-001    1.64233576642336e-001
 1.00000000000000e+000    2.08029197080292e-001
