 4.00000000000000e-001    1.42249240121581e-001
 4.51063829787234e-001    2.57142857142857e-001
 5.00303951367781e-001    3.63829787234043e-001
 5.51367781155015e-001    4.73252279635258e-001
 6.00607902735562e-001    5.82674772036474e-001
 6.51671732522796e-001    6.07294832826748e-001
 7.00911854103343e-001    6.26443768996960e-001
 7.51975683890578e-001    5.90881458966565e-001
 8.01215805471125e-001    5.55319148936170e-001
 8.50455927051672e-001    3.80243161094225e-001
 9.01519756838906e-001    2.07902735562310e-001
 9.50759878419453e-001    1.94224924012158e-001
 1.00000000000000e+000    1.91489361702128e-001
