 4.00000000000000e-001    8.72340425531915e-002
 4.49240121580547e-001    1.44506240703615e-001
 5.00303951367781e-001    2.29431546271745e-001
 5.51367781155015e-001    3.31378128435621e-001
 6.00607902735562e-001    4.22692879777533e-001
 6.49848024316109e-001    4.88475716225829e-001
 7.00911854103343e-001    5.58507404772683e-001
 7.50151975683891e-001    5.07268964625234e-001
 7.99392097264438e-001    6.49647545754381e-001
 8.50455927051672e-001    4.43083489620384e-001
 8.99696048632219e-001    3.55674836706978e-001
 9.48936170212766e-001    3.70393843368040e-001
 1.00000000000000e+000    3.40425531914894e-001
