 4.00000000000000e-001    1.21276595744681e-001
 4.51063829787234e-001    2.06201901312811e-001
 5.00303951367781e-001    2.93261333505788e-001
 5.51367781155015e-001    3.82441958222855e-001
 6.00607902735562e-001    4.69501390415831e-001
 6.49848024316109e-001    4.96986354523702e-001
 7.00911854103343e-001    5.22337192006726e-001
 7.50151975683891e-001    5.37056198667788e-001
 8.01215805471125e-001    5.49641078704003e-001
 8.50455927051672e-001    4.26062213024639e-001
 8.99696048632219e-001    3.00355687770808e-001
 9.50759878419453e-001    2.95919291211279e-001
 1.00000000000000e+000    2.59574468085106e-001
