 4.00000000000000e-001    1.00732600732601e-001
 4.49390243902439e-001    1.48351648351648e-001
 4.98780487804878e-001    1.94139194139194e-001
 5.50000000000000e-001    2.91208791208791e-001
 5.99390243902439e-001    3.75457875457875e-001
 6.50609756097561e-001    4.15750915750916e-001
 7.00000000000000e-001    4.52380952380952e-001
 7.49390243902439e-001    4.67032967032967e-001
 8.00609756097561e-001    4.45054945054945e-001
 8.50000000000000e-001    4.15750915750916e-001
 9.01219512195122e-001    3.86446886446886e-001
 9.50609756097561e-001    3.47985347985348e-001
 1.00000000000000e+000    2.89377289377289e-001
