 4.00000000000000e-001    1.46808510638298e-001
 4.49240121580547e-001    2.38123261980211e-001
 5.00303951367781e-001    3.31559205846214e-001
 5.51367781155015e-001    3.97335575244131e-001
 6.00607902735562e-001    4.63118411692427e-001
 6.49848024316109e-001    4.62943801332212e-001
 7.00911854103343e-001    4.64890383496087e-001
 7.50151975683891e-001    4.51949815689064e-001
 7.99392097264438e-001    4.41136907456509e-001
 8.50455927051672e-001    3.28189872599108e-001
 8.99696048632219e-001    2.13121645217616e-001
 9.50759878419453e-001    2.08685248658087e-001
 1.00000000000000e+000    1.82978723404255e-001
