 4.00000000000000e-001    1.97080291970803e-001
 4.51063829787234e-001    3.32116788321168e-001
 5.00303951367781e-001    4.63503649635036e-001
 5.51367781155015e-001    4.45255474452555e-001
 6.00607902735562e-001    4.52554744525547e-001
 6.49848024316109e-001    3.90510948905110e-001
 7.00911854103343e-001    3.10218978102190e-001
 7.50151975683891e-001    2.88321167883212e-001
 7.99392097264438e-001    2.88321167883212e-001
 8.50455927051672e-001    2.29927007299270e-001
 8.99696048632219e-001    1.45985401459854e-001
 9.50759878419453e-001    9.85401459854015e-002
 1.00000000000000e+000    3.64963503649635e-002
