 4.00000000000000e-001    1.80547112462006e-001
 4.51063829787234e-001    3.03647416413374e-001
 5.00303951367781e-001    4.13069908814590e-001
 5.51367781155015e-001    4.73252279635258e-001
 6.00607902735562e-001    5.41641337386018e-001
 6.49848024316109e-001    5.19756838905775e-001
 7.00911854103343e-001    4.84194528875380e-001
 7.50151975683891e-001    4.34954407294833e-001
 8.01215805471125e-001    3.85714285714286e-001
 8.50455927051672e-001    2.65349544072948e-001
 9.01519756838906e-001    1.42249240121581e-001
 9.50759878419453e-001    1.28571428571429e-001
 1.00000000000000e+000    1.20364741641337e-001
