 4.00000000000000e-001    7.32600732600733e-002
 4.49390243902439e-001    1.19047619047619e-001
 4.98780487804878e-001    1.90476190476190e-001
 5.50000000000000e-001    2.71062271062271e-001
 5.99390243902439e-001    3.26007326007326e-001
 6.48780487804878e-001    3.99267399267399e-001
 7.00000000000000e-001    4.46886446886447e-001
 7.51219512195122e-001    4.56043956043956e-001
 8.00609756097561e-001    4.68864468864469e-001
 8.50000000000000e-001    4.39560439560440e-001
 9.01219512195122e-001    4.26739926739927e-001
 9.50609756097561e-001    4.17582417582418e-001
 1.00000000000000e+000    3.84615384615385e-001
