 4.00000000000000e-001    5.31135531135531e-002
 4.49390243902439e-001    8.42490842490843e-002
 4.98780487804878e-001    1.30036630036630e-001
 5.50000000000000e-001    2.01465201465201e-001
 5.99390243902439e-001    2.60073260073260e-001
 6.50609756097561e-001    3.29670329670330e-001
 7.00000000000000e-001    3.91941391941392e-001
 7.49390243902439e-001    4.24908424908425e-001
 8.00609756097561e-001    5.27472527472527e-001
 8.50000000000000e-001    4.13919413919414e-001
 9.01219512195122e-001    4.85347985347985e-001
 9.50609756097561e-001    5.42124542124542e-001
 1.00000000000000e+000    5.58608058608059e-001
