 4.00000000000000e-001    1.01215805471125e-001
 4.51063829787234e-001    1.69604863221885e-001
 5.00303951367781e-001    2.87234042553192e-001
 5.51367781155015e-001    4.40425531914894e-001
 6.00607902735562e-001    5.60790273556231e-001
 6.51671732522796e-001    6.67477203647416e-001
 7.00911854103343e-001    7.13981762917933e-001
 7.51975683890578e-001    6.20972644376900e-001
 8.01215805471125e-001    6.97568389057751e-001
 8.50455927051672e-001    6.42857142857143e-001
 8.99696048632219e-001    2.70820668693009e-001
 9.50759878419453e-001    2.05167173252280e-001
 1.00000000000000e+000    2.51671732522796e-001
