 4.00000000000000e-001    1.15384615384615e-001
 4.49390243902439e-001    1.86813186813187e-001
 4.98780487804878e-001    2.69230769230769e-001
 5.50000000000000e-001    3.29670329670330e-001
 5.99390243902439e-001    3.88278388278388e-001
 6.48780487804878e-001    4.02930402930403e-001
 7.00000000000000e-001    4.15750915750916e-001
 7.49390243902439e-001    3.99267399267399e-001
 8.00609756097561e-001    3.66300366300366e-001
 8.50000000000000e-001    3.33333333333333e-001
 9.01219512195122e-001    2.96703296703297e-001
 9.50609756097561e-001    2.58241758241758e-001
 1.00000000000000e+000    2.10622710622711e-001
