 2.00000000000000e+000    2.39520958083832e+000
 2.22041763341067e+000    3.59281437125748e+000
 2.27842227378190e+000    5.98802395209581e+000
 2.45243619489559e+000    5.98802395209581e+000
 2.48723897911833e+000    8.38323353293413e+000
 2.78886310904872e+000    8.38323353293413e+000
 2.84686774941995e+000    1.07784431137725e+001
 2.95127610208817e+000    1.07784431137725e+001
 2.99767981438515e+000    1.31736526946108e+001
 3.06728538283063e+000    1.43712574850299e+001
 3.10208816705336e+000    1.67664670658683e+001
 3.14849187935035e+000    1.79640718562874e+001
 3.19489559164733e+000    2.03592814371257e+001
 3.22969837587007e+000    2.15568862275449e+001
 3.32250580046404e+000    2.63473053892216e+001
 3.38051044083527e+000    2.75449101796407e+001
 3.43851508120650e+000    3.11377245508982e+001
 3.49651972157773e+000    3.23353293413174e+001
 3.55452436194896e+000    3.59281437125749e+001
 3.64733178654292e+000    3.83233532934132e+001
 3.68213457076566e+000    4.07185628742515e+001
 3.76334106728538e+000    4.19161676646707e+001
 3.85614849187935e+000    4.79041916167665e+001
 3.91415313225058e+000    4.79041916167665e+001
 3.94895591647332e+000    5.02994011976048e+001
 4.00696055684455e+000    5.14970059880240e+001
 4.04176334106729e+000    5.26946107784431e+001
 4.11136890951276e+000    5.50898203592814e+001
 4.18097447795824e+000    5.74850299401198e+001
 4.23897911832947e+000    5.86826347305389e+001
 4.32018561484919e+000    6.10778443113772e+001
 4.34338747099768e+000    6.22754491017964e+001
 4.40139211136891e+000    6.34730538922156e+001
 4.49419953596288e+000    6.94610778443114e+001
 4.55220417633411e+000    6.94610778443114e+001
 4.63341067285383e+000    7.66467065868264e+001
 4.69141531322506e+000    8.14371257485030e+001
 4.73781902552204e+000    8.62275449101796e+001
 4.77262180974478e+000    8.98203592814371e+001
 4.80742459396752e+000    9.70059880239521e+001
 4.83062645011601e+000    1.01796407185629e+002
 4.90023201856148e+000    1.13772455089820e+002
 4.94663573085847e+000    1.28143712574850e+002
 4.98143851508121e+000    1.40119760479042e+002
 5.00464037122970e+000    1.46107784431138e+002
 5.02784222737819e+000    1.52095808383234e+002
 5.03944315545244e+000    1.66467065868263e+002
 5.06264501160093e+000    1.80838323353293e+002
 5.15545243619490e+000    2.32335329341317e+002
 5.17865429234339e+000    2.56287425149701e+002
 5.21345707656613e+000    2.69461077844311e+002
 5.23665893271462e+000    2.70658682634731e+002
 5.25986078886311e+000    2.69461077844311e+002
 5.28306264501160e+000    2.67065868263473e+002
 5.29466357308585e+000    2.57485029940120e+002
 5.30626450116009e+000    2.50299401197605e+002
 5.32946635730858e+000    2.38323353293413e+002
 5.38747099767981e+000    2.09580838323353e+002
 5.41067285382831e+000    1.92814371257485e+002
 5.42227378190255e+000    1.85628742514970e+002
 5.43387470997680e+000    1.79640718562874e+002
 5.51508120649652e+000    1.49700598802395e+002
 5.53828306264501e+000    1.36526946107784e+002
 5.61948955916473e+000    1.17365269461078e+002
 5.66589327146172e+000    1.06586826347305e+002
 5.68909512761021e+000    1.01796407185629e+002
 5.75870069605568e+000    9.34131736526946e+001
 5.78190255220418e+000    8.74251497005988e+001
 5.80510440835267e+000    8.50299401197605e+001
 5.83990719257541e+000    8.38323353293413e+001
 5.90951276102088e+000    7.66467065868264e+001
 5.95591647331787e+000    7.66467065868264e+001
 5.99071925754060e+000    7.42514970059880e+001
 6.14153132250580e+000    7.42514970059880e+001
 6.18793503480278e+000    7.78443113772455e+001
 6.23433874709977e+000    7.78443113772455e+001
 6.32714617169374e+000    8.62275449101796e+001
 6.36194895591647e+000    8.74251497005988e+001
 6.37354988399072e+000    9.22155688622755e+001
 6.40835266821346e+000    9.58083832335329e+001
 6.46635730858469e+000    1.02994011976048e+002
 6.48955916473318e+000    1.11377245508982e+002
 6.58236658932715e+000    1.29341317365269e+002
 6.60556844547564e+000    1.38922155688623e+002
 6.61716937354988e+000    1.44910179640719e+002
 6.67517401392111e+000    1.61676646706587e+002
 6.70997679814385e+000    1.73652694610778e+002
 6.73317865429234e+000    1.95209580838323e+002
 6.75638051044084e+000    2.09580838323353e+002
 6.77958236658933e+000    2.25149700598802e+002
 6.82598607888631e+000    2.47904191616766e+002
 6.86078886310905e+000    3.00598802395210e+002
 6.90719257540603e+000    3.55688622754491e+002
 6.95359628770302e+000    4.05988023952096e+002
 6.98839907192575e+000    4.77844311377246e+002
 7.03480278422274e+000    5.56886227544910e+002
 7.06960556844548e+000    5.85628742514970e+002
 7.10440835266821e+000    5.84431137724551e+002
 7.12761020881671e+000    5.79640718562874e+002
 7.15081206496520e+000    5.46107784431138e+002
 7.18561484918794e+000    5.11377245508982e+002
 7.22041763341067e+000    4.88622754491018e+002
 7.24361948955916e+000    4.73053892215569e+002
 7.25522041763341e+000    4.55089820359281e+002
 7.26682134570766e+000    4.43113772455090e+002
 7.31322505800464e+000    4.28742514970060e+002
 7.37122969837587e+000    4.17964071856287e+002
 7.40603248259861e+000    4.17964071856287e+002
 7.45243619489559e+000    4.25149700598802e+002
 7.47563805104408e+000    4.35928143712575e+002
 7.49883990719258e+000    4.51497005988024e+002
 7.53364269141531e+000    4.75449101796407e+002
 7.55684454756380e+000    4.93413173652695e+002
 7.58004640371230e+000    5.17365269461078e+002
 7.61484918793504e+000    5.68862275449102e+002
 7.62645011600928e+000    6.17964071856287e+002
 7.64965197215777e+000    6.63473053892216e+002
 7.67285382830626e+000    7.06586826347305e+002
 7.71925754060325e+000    7.80838323353293e+002
 7.74245939675174e+000    7.38922155688623e+002
 7.77726218097448e+000    6.69461077844311e+002
 7.80046403712297e+000    6.02395209580838e+002
 7.83526682134571e+000    5.05389221556886e+002
 7.85846867749420e+000    4.14371257485030e+002
 7.87006960556845e+000    3.62874251497006e+002
 7.88167053364269e+000    3.44910179640719e+002
 7.90487238979118e+000    3.22155688622755e+002
 7.95127610208817e+000    2.63473053892216e+002
 7.97447795823666e+000    2.29940119760479e+002
 7.99767981438515e+000    2.02395209580838e+002
 8.07888631090487e+000    1.55688622754491e+002
 8.10208816705336e+000    1.37724550898204e+002
 8.19489559164733e+000    1.05389221556886e+002
 8.21809744779582e+000    9.34131736526946e+001
 8.31090487238979e+000    7.78443113772455e+001
 8.33410672853828e+000    7.18562874251497e+001
 8.35730858468678e+000    6.82634730538922e+001
 8.43851508120650e+000    5.74850299401198e+001
 8.45011600928074e+000    5.38922155688623e+001
 8.63573085846868e+000    3.95209580838323e+001
 8.85614849187935e+000    2.63473053892216e+001
 9.06496519721578e+000    2.03592814371257e+001
 9.13457076566125e+000    1.79640718562874e+001
 9.23897911832947e+000    1.55688622754491e+001
 9.40139211136891e+000    1.43712574850299e+001
 9.49419953596288e+000    1.31736526946108e+001
 9.56380510440835e+000    1.07784431137725e+001
 9.79582366589327e+000    9.58083832335329e+000
 9.83062645011601e+000    8.38323353293413e+000
 1.01670533642691e+001    8.38323353293413e+000
 1.02134570765661e+001    5.98802395209581e+000
 1.10139211136891e+001    5.98802395209581e+000
 1.10603248259861e+001    3.59281437125748e+000
 1.19535962877030e+001    2.39520958083832e+000
