 2.00000000000000e+000    1.27186009538951e+000
 2.31961259079903e+000    2.54372019077901e+000
 2.44552058111380e+000    6.35930047694754e+000
 2.60048426150121e+000    7.63116057233704e+000
 2.67796610169492e+000    8.90302066772655e+000
 2.75544794188862e+000    1.01748807631161e+001
 2.84261501210654e+000    1.27186009538951e+001
 2.97820823244552e+000    1.78060413354531e+001
 3.03631961259080e+000    2.03497615262321e+001
 3.18159806295400e+000    2.92527821939587e+001
 3.25907990314770e+000    3.30683624801272e+001
 3.31719128329298e+000    3.56120826709062e+001
 3.34624697336562e+000    3.81558028616852e+001
 3.38498789346247e+000    3.94276629570747e+001
 3.45278450363196e+000    4.19713831478537e+001
 3.51089588377724e+000    4.45151033386327e+001
 3.56900726392252e+000    4.57869634340223e+001
 3.71428571428571e+000    4.83306836248013e+001
 3.93704600484261e+000    4.57869634340223e+001
 4.01452784503632e+000    4.32432432432432e+001
 4.09200968523002e+000    4.19713831478537e+001
 4.15012106537530e+000    4.06995230524642e+001
 4.22760290556901e+000    3.81558028616852e+001
 4.33414043583535e+000    3.56120826709062e+001
 4.40193704600484e+000    3.17965023847377e+001
 4.50847457627119e+000    3.05246422893482e+001
 4.58595641646489e+000    2.79809220985692e+001
 4.67312348668281e+000    2.67090620031797e+001
 4.80871670702179e+000    2.41653418124006e+001
 4.96368038740920e+000    2.28934817170111e+001
 5.14769975786925e+000    2.16216216216216e+001
 5.33171912832930e+000    2.03497615262321e+001
 5.44794188861986e+000    1.90779014308426e+001
 5.78692493946731e+000    1.78060413354531e+001
 6.15496368038741e+000    1.90779014308426e+001
 6.20338983050847e+000    2.03497615262321e+001
 6.30992736077482e+000    2.28934817170111e+001
 6.37772397094431e+000    2.54372019077901e+001
 6.43583535108959e+000    2.79809220985692e+001
 6.49394673123487e+000    3.17965023847377e+001
 6.53268765133172e+000    3.43402225755167e+001
 6.60048426150121e+000    4.06995230524642e+001
 6.63922518159806e+000    4.45151033386327e+001
 6.69733656174334e+000    5.08744038155803e+001
 6.75544794188862e+000    5.85055643879173e+001
 6.78450363196126e+000    6.48648648648649e+001
 6.79418886198547e+000    6.74085850556439e+001
 6.82324455205811e+000    7.37678855325914e+001
 6.87167070217918e+000    8.52146263910970e+001
 6.89104116222760e+000    9.28457869634340e+001
 6.91041162227603e+000    1.00476947535771e+002
 6.95883777239709e+000    1.19554848966614e+002
 6.98789346246973e+000    1.34817170111288e+002
 7.01694915254237e+000    1.51351351351351e+002
 7.04600484261501e+000    1.67885532591415e+002
 7.07506053268765e+000    2.02225755166932e+002
 7.11380145278450e+000    2.31478537360890e+002
 7.12348668280872e+000    2.49284578696343e+002
 7.15254237288136e+000    2.84896661367250e+002
 7.18159806295400e+000    3.29411764705882e+002
 7.21065375302663e+000    3.80286168521463e+002
 7.23970944309927e+000    4.46422893481717e+002
 7.26876513317191e+000    4.96025437201908e+002
 7.28813559322034e+000    5.51987281399046e+002
 7.31719128329298e+000    6.25755166931638e+002
 7.33656174334140e+000    6.53736089030207e+002
 7.34624697336562e+000    6.74085850556439e+002
 7.36561743341404e+000    6.93163751987281e+002
 7.38498789346247e+000    7.09697933227345e+002
 7.40435835351090e+000    7.12241653418124e+002
 7.41404358353511e+000    7.08426073131955e+002
 7.42372881355932e+000    6.94435612082671e+002
 7.43341404358354e+000    6.84260731319555e+002
 7.44309927360775e+000    6.74085850556439e+002
 7.46246973365617e+000    6.56279809220986e+002
 7.47215496368039e+000    6.28298887122417e+002
 7.49152542372881e+000    5.79968203497615e+002
 7.52058111380145e+000    5.20190779014308e+002
 7.54963680387409e+000    4.61685214626391e+002
 7.57869249394673e+000    3.91732909379968e+002
 7.60774818401937e+000    3.34499205087440e+002
 7.62711864406780e+000    3.10333863275040e+002
 7.65617433414044e+000    2.68362480127186e+002
 7.67554479418886e+000    2.40381558028617e+002
 7.70460048426150e+000    2.12400635930048e+002
 7.72397094430993e+000    1.90779014308426e+002
 7.74334140435835e+000    1.72972972972973e+002
 7.76271186440678e+000    1.57710651828299e+002
 7.79176755447942e+000    1.42448330683625e+002
 7.82082324455206e+000    1.25914149443561e+002
 7.84987893462470e+000    1.13195548489666e+002
 7.87893462469734e+000    1.01748807631161e+002
 7.90799031476998e+000    9.03020667726550e+001
 7.92736077481840e+000    8.39427662957075e+001
 7.95641646489104e+000    7.75834658187599e+001
 7.97578692493947e+000    7.24960254372019e+001
 8.01452784503632e+000    6.48648648648649e+001
 8.04358353510896e+000    5.97774244833068e+001
 8.11138014527845e+000    4.83306836248013e+001
 8.15012106537530e+000    4.45151033386327e+001
 8.20823244552058e+000    3.81558028616852e+001
 8.25665859564165e+000    3.43402225755167e+001
 8.35351089588378e+000    2.79809220985692e+001
 8.43099273607748e+000    2.41653418124006e+001
 8.50847457627119e+000    2.03497615262321e+001
 8.62469733656174e+000    1.78060413354531e+001
 8.74092009685230e+000    1.39904610492846e+001
 8.90556900726392e+000    1.14467408585056e+001
 9.01210653753027e+000    1.01748807631161e+001
 9.14769975786925e+000    8.90302066772655e+000
 9.28329297820823e+000    7.63116057233704e+000
 9.44794188861986e+000    6.35930047694754e+000
 9.70944309927361e+000    5.08744038155803e+000
 1.00000000000000e+001    5.08744038155803e+000
