 2.00000000000000e+000    1.27186009538951e+000
 2.30992736077482e+000    2.54372019077901e+000
 2.40677966101695e+000    3.81558028616852e+000
 2.59079903147700e+000    6.35930047694754e+000
 2.83292978208232e+000    7.63116057233704e+000
 2.92009685230024e+000    8.90302066772655e+000
 3.06537530266344e+000    1.27186009538951e+001
 3.18159806295400e+000    1.65341812400636e+001
 3.24939467312349e+000    1.90779014308426e+001
 3.37530266343826e+000    2.41653418124006e+001
 3.53026634382567e+000    3.05246422893482e+001
 3.62711864406780e+000    3.43402225755167e+001
 3.76271186440678e+000    3.94276629570747e+001
 3.95641646489104e+000    4.45151033386327e+001
 4.07263922518160e+000    4.96025437201908e+001
 4.20823244552058e+000    5.34181240063593e+001
 4.29539951573850e+000    5.59618441971383e+001
 4.36319612590799e+000    5.85055643879173e+001
 4.44067796610170e+000    6.10492845786963e+001
 4.49878934624697e+000    6.35930047694754e+001
 4.57627118644068e+000    6.74085850556439e+001
 4.64406779661017e+000    7.24960254372019e+001
 4.72154963680387e+000    7.75834658187599e+001
 4.77966101694915e+000    8.52146263910970e+001
 4.84745762711864e+000    9.53895071542130e+001
 4.89588377723971e+000    1.05564387917329e+002
 4.93462469733656e+000    1.14467408585056e+002
 4.96368038740920e+000    1.22098569157393e+002
 5.00242130750605e+000    1.36089030206677e+002
 5.04116222760291e+000    1.52623211446741e+002
 5.07021791767554e+000    1.69157392686804e+002
 5.10895883777240e+000    1.88235294117647e+002
 5.13801452784504e+000    2.06041335453100e+002
 5.15738498789346e+000    2.23847376788553e+002
 5.18644067796610e+000    2.42925278219396e+002
 5.19612590799031e+000    2.46740858505564e+002
 5.23486682808717e+000    2.59459459459459e+002
 5.25423728813559e+000    2.64546899841017e+002
 5.26392251815981e+000    2.63275039745628e+002
 5.29297820823245e+000    2.54372019077901e+002
 5.30266343825666e+000    2.50556438791733e+002
 5.32203389830508e+000    2.45468998410175e+002
 5.34140435835351e+000    2.34022257551669e+002
 5.35108958837772e+000    2.30206677265501e+002
 5.37046004842615e+000    2.17488076311606e+002
 5.38014527845036e+000    2.11128775834658e+002
 5.40920096852300e+000    1.98410174880763e+002
 5.43825665859564e+000    1.80604133545310e+002
 5.48668280871671e+000    1.60254372019078e+002
 5.53510895883777e+000    1.43720190779014e+002
 5.57384987893462e+000    1.28457869634340e+002
 5.60290556900726e+000    1.22098569157393e+002
 5.69975786924939e+000    1.01748807631161e+002
 5.75786924939467e+000    9.28457869634340e+001
 5.79661016949153e+000    8.77583465818760e+001
 5.88377723970944e+000    7.88553259141494e+001
 5.95157384987894e+000    7.63116057233704e+001
 6.04842615012107e+000    7.37678855325914e+001
 6.11622276029056e+000    7.37678855325914e+001
 6.17433414043584e+000    7.63116057233704e+001
 6.23244552058111e+000    8.01271860095390e+001
 6.30992736077482e+000    8.64864864864865e+001
 6.38740920096852e+000    9.53895071542130e+001
 6.45520581113801e+000    1.08108108108108e+002
 6.53268765133172e+000    1.23370429252782e+002
 6.59079903147700e+000    1.43720190779014e+002
 6.63922518159806e+000    1.62798092209857e+002
 6.66828087167070e+000    1.76788553259141e+002
 6.70702179176755e+000    1.98410174880763e+002
 6.73607748184019e+000    2.16216216216216e+002
 6.76513317191283e+000    2.39109697933227e+002
 6.78450363196126e+000    2.56915739268680e+002
 6.80387409200969e+000    2.75993640699523e+002
 6.82324455205811e+000    2.92527821939587e+002
 6.84261501210654e+000    3.14149443561208e+002
 6.86198547215496e+000    3.47217806041335e+002
 6.89104116222760e+000    3.84101748807631e+002
 6.91041162227603e+000    4.19713831478537e+002
 6.92978208232446e+000    4.52782193958665e+002
 6.95883777239709e+000    4.89666136724960e+002
 6.98789346246973e+000    5.29093799682035e+002
 7.00726392251816e+000    5.60890302066773e+002
 7.02663438256659e+000    5.63434022257552e+002
 7.04600484261501e+000    5.63434022257552e+002
 7.06537530266344e+000    5.62162162162162e+002
 7.09443099273608e+000    5.46899841017488e+002
 7.13317191283293e+000    5.15103338632750e+002
 7.15254237288136e+000    4.99841017488076e+002
 7.17191283292978e+000    4.88394276629571e+002
 7.19128329297821e+000    4.76947535771065e+002
 7.21065375302663e+000    4.62957074721781e+002
 7.23002421307506e+000    4.55325914149444e+002
 7.25907990314770e+000    4.43879173290938e+002
 7.28813559322034e+000    4.40063593004770e+002
 7.30750605326877e+000    4.38791732909380e+002
 7.35593220338983e+000    4.42607313195548e+002
 7.37530266343826e+000    4.48966613672496e+002
 7.41404358353511e+000    4.68044515103339e+002
 7.44309927360775e+000    4.90937996820350e+002
 7.46246973365617e+000    5.04928457869634e+002
 7.49152542372881e+000    5.39268680445151e+002
 7.53026634382567e+000    6.02861685214626e+002
 7.54963680387409e+000    6.44833068362480e+002
 7.57869249394673e+000    7.02066772655008e+002
 7.59806295399516e+000    7.14785373608903e+002
 7.61743341404358e+000    7.14785373608903e+002
 7.63680387409201e+000    7.09697933227345e+002
 7.65617433414044e+000    6.90620031796502e+002
 7.67554479418886e+000    6.66454689984102e+002
 7.69491525423729e+000    6.10492845786963e+002
 7.70460048426150e+000    5.53259141494436e+002
 7.73365617433414e+000    4.90937996820350e+002
 7.76271186440678e+000    4.18441971383148e+002
 7.78208232445521e+000    3.77742448330684e+002
 7.81113801452785e+000    3.26868044515103e+002
 7.83050847457627e+000    2.93799682034976e+002
 7.84987893462470e+000    2.69634340222576e+002
 7.87893462469734e+000    2.35294117647059e+002
 7.90799031476998e+000    2.08585055643879e+002
 7.93704600484261e+000    1.81875993640700e+002
 7.95641646489104e+000    1.66613672496025e+002
 7.99515738498789e+000    1.44992050874404e+002
 8.04358353510896e+000    1.24642289348172e+002
 8.14043583535109e+000    9.41176470588235e+001
 8.21791767554479e+000    7.63116057233704e+001
 8.25665859564165e+000    6.86804451510334e+001
 8.37288135593220e+000    5.21462639109698e+001
 8.46004842615012e+000    4.45151033386327e+001
 8.52784503631961e+000    3.81558028616852e+001
 8.63438256658596e+000    3.17965023847377e+001
 8.78934624697337e+000    2.41653418124006e+001
 8.92493946731235e+000    2.03497615262321e+001
 9.19612590799031e+000    1.39904610492846e+001
 9.61259079903148e+000    8.90302066772655e+000
 1.00096852300242e+001    5.08744038155803e+000
