 1.83673469387755e-001    0.00000000000000e+000
 2.85714285714286e-001    1.53846153846154e-002
 3.67346938775510e-001    3.07692307692308e-002
 4.48979591836735e-001    5.12820512820513e-002
 5.30612244897959e-001    8.71794871794872e-002
 5.91836734693878e-001    1.23076923076923e-001
 6.53061224489796e-001    1.69230769230769e-001
 6.93877551020408e-001    2.05128205128205e-001
 7.55102040816327e-001    2.92307692307692e-001
 7.85714285714286e-001    3.28205128205128e-001
 8.16326530612245e-001    3.74358974358974e-001
 8.46938775510204e-001    4.25641025641026e-001
 8.67346938775510e-001    4.66666666666667e-001
 8.87755102040816e-001    5.07692307692308e-001
 9.18367346938776e-001    5.58974358974359e-001
 9.48979591836735e-001    6.05128205128205e-001
 9.69387755102041e-001    6.51282051282051e-001
 9.89795918367347e-001    6.92307692307692e-001
 1.01020408163265e+000    7.33333333333333e-001
 1.04081632653061e+000    7.74358974358974e-001
 1.09183673469388e+000    8.20512820512820e-001
 1.13265306122449e+000    8.51282051282051e-001
 1.16326530612245e+000    8.61538461538462e-001
 1.20408163265306e+000    8.61538461538462e-001
 1.23469387755102e+000    8.51282051282051e-001
 1.25510204081633e+000    8.41025641025641e-001
 1.29591836734694e+000    8.15384615384615e-001
 1.34693877551020e+000    7.74358974358974e-001
 1.38775510204082e+000    7.33333333333333e-001
 1.42857142857143e+000    6.87179487179487e-001
 1.46938775510204e+000    6.41025641025641e-001
 1.54081632653061e+000    5.58974358974359e-001
 1.58163265306122e+000    5.12820512820513e-001
 1.62244897959184e+000    4.76923076923077e-001
 1.66326530612245e+000    4.30769230769231e-001
 1.73469387755102e+000    3.53846153846154e-001
 1.82653061224490e+000    2.66666666666667e-001
 1.86734693877551e+000    2.20512820512821e-001
 1.91836734693878e+000    1.79487179487179e-001
 1.95918367346939e+000    1.38461538461538e-001
 2.00000000000000e+000    1.02564102564103e-001
 2.07142857142857e+000    6.15384615384615e-002
 2.12244897959184e+000    2.56410256410256e-002
 2.18367346938776e+000    1.02564102564103e-002
 2.22448979591837e+000    0.00000000000000e+000
 2.30612244897959e+000    0.00000000000000e+000
 2.38775510204082e+000    5.12820512820513e-003
 2.47959183673469e+000    2.05128205128205e-002
 2.57142857142857e+000    4.10256410256410e-002
 2.66326530612245e+000    5.64102564102564e-002
 2.77551020408163e+000    7.69230769230769e-002
 2.86734693877551e+000    8.71794871794872e-002
 2.95918367346939e+000    9.74358974358974e-002
 3.06122448979592e+000    1.02564102564103e-001
 3.16326530612245e+000    1.07692307692308e-001
 3.25510204081633e+000    1.12820512820513e-001
 3.39795918367347e+000    1.17948717948718e-001
 3.55102040816327e+000    1.12820512820513e-001
 3.74489795918367e+000    1.07692307692308e-001
 3.84693877551020e+000    1.02564102564103e-001
 3.93877551020408e+000    9.74358974358974e-002
 4.14285714285714e+000    9.23076923076923e-002
 4.23469387755102e+000    8.71794871794872e-002
 4.32653061224490e+000    8.20512820512821e-002
 4.42857142857143e+000    7.17948717948718e-002
 4.53061224489796e+000    6.66666666666667e-002
 4.62244897959184e+000    6.15384615384615e-002
 4.72448979591837e+000    5.64102564102564e-002
 4.82653061224490e+000    5.12820512820513e-002
 4.92857142857143e+000    4.61538461538462e-002
