 1.82555780933063e-001    2.55102040816327e-002
 2.53549695740365e-001    5.61224489795918e-002
 3.14401622718053e-001    9.18367346938776e-002
 3.65111561866126e-001    1.32653061224490e-001
 4.15821501014199e-001    1.73469387755102e-001
 4.46247464503043e-001    2.14285714285714e-001
 4.86815415821501e-001    2.65306122448980e-001
 5.07099391480730e-001    3.06122448979592e-001
 5.37525354969574e-001    3.46938775510204e-001
 5.67951318458418e-001    3.92857142857143e-001
 5.88235294117647e-001    4.43877551020408e-001
 6.08519269776876e-001    4.94897959183673e-001
 6.38945233265720e-001    5.76530612244898e-001
 6.59229208924949e-001    6.22448979591837e-001
 6.79513184584179e-001    6.73469387755102e-001
 6.89655172413793e-001    7.14285714285714e-001
 6.99797160243408e-001    7.60204081632653e-001
 7.09939148073022e-001    8.01020408163265e-001
 7.30223123732252e-001    8.52040816326531e-001
 7.40365111561866e-001    8.97959183673469e-001
 7.50507099391481e-001    9.43877551020408e-001
 7.60649087221095e-001    9.89795918367347e-001
 7.70791075050710e-001    1.04081632653061e+000
 7.80933062880325e-001    1.08163265306122e+000
 7.91075050709939e-001    1.12755102040816e+000
 8.11359026369168e-001    1.17346938775510e+000
 8.21501014198783e-001    1.21938775510204e+000
 8.31643002028398e-001    1.26530612244898e+000
 8.41784989858012e-001    1.31122448979592e+000
 8.51926977687627e-001    1.35714285714286e+000
 8.62068965517241e-001    1.40816326530612e+000
 8.72210953346856e-001    1.44897959183673e+000
 8.82352941176471e-001    1.49489795918367e+000
 8.92494929006085e-001    1.54081632653061e+000
 9.02636916835700e-001    1.58673469387755e+000
 9.12778904665314e-001    1.63265306122449e+000
 9.22920892494929e-001    1.66836734693878e+000
 9.43204868154158e-001    1.71938775510204e+000
 9.63488843813388e-001    1.77040816326531e+000
 9.73630831643002e-001    1.81122448979592e+000
 9.93914807302231e-001    1.85204081632653e+000
 1.02434077079108e+000    1.89285714285714e+000
 1.03448275862069e+000    1.90306122448980e+000
 1.07505070993915e+000    1.91836734693878e+000
 1.10547667342799e+000    1.91836734693878e+000
 1.12576064908722e+000    1.91326530612245e+000
 1.16632860040568e+000    1.87755102040816e+000
 1.20689655172414e+000    1.83673469387755e+000
 1.24746450304260e+000    1.79591836734694e+000
 1.27789046653144e+000    1.75000000000000e+000
 1.29817444219067e+000    1.70918367346939e+000
 1.31845841784990e+000    1.66836734693878e+000
 1.34888438133874e+000    1.61734693877551e+000
 1.37931034482759e+000    1.57142857142857e+000
 1.39959432048682e+000    1.52551020408163e+000
 1.41987829614604e+000    1.48469387755102e+000
 1.43002028397566e+000    1.43877551020408e+000
 1.45030425963489e+000    1.39285714285714e+000
 1.47058823529412e+000    1.35204081632653e+000
 1.50101419878296e+000    1.30612244897959e+000
 1.52129817444219e+000    1.26020408163265e+000
 1.54158215010142e+000    1.21428571428571e+000
 1.56186612576065e+000    1.16326530612245e+000
 1.58215010141988e+000    1.12244897959184e+000
 1.60243407707911e+000    1.08163265306122e+000
 1.63286004056795e+000    1.03571428571429e+000
 1.66328600405680e+000    9.84693877551020e-001
 1.68356997971602e+000    9.43877551020408e-001
 1.71399594320487e+000    8.97959183673469e-001
 1.74442190669371e+000    8.57142857142857e-001
 1.77484787018256e+000    8.16326530612245e-001
 1.81541582150101e+000    7.70408163265306e-001
 1.85598377281947e+000    7.29591836734694e-001
 1.89655172413793e+000    6.93877551020408e-001
 1.94726166328600e+000    6.47959183673469e-001
 1.99797160243408e+000    6.07142857142857e-001
 2.05882352941176e+000    5.71428571428571e-001
 2.10953346855984e+000    5.35714285714286e-001
 2.18052738336714e+000    4.89795918367347e-001
 2.28194726166329e+000    4.28571428571429e-001
 2.36308316430020e+000    3.87755102040816e-001
 2.44421906693712e+000    3.52040816326531e-001
 2.50507099391481e+000    3.26530612244898e-001
 2.57606490872211e+000    3.01020408163265e-001
 2.66734279918864e+000    2.70408163265306e-001
 2.81947261663286e+000    2.29591836734694e-001
 3.01217038539554e+000    1.83673469387755e-001
 3.18458417849899e+000    1.53061224489796e-001
 3.29614604462475e+000    1.32653061224490e-001
 3.38742393509128e+000    1.17346938775510e-001
 3.47870182555781e+000    1.07142857142857e-001
 3.56997971602434e+000    9.69387755102041e-002
 3.66125760649087e+000    8.67346938775510e-002
 3.76267748478702e+000    7.65306122448980e-002
 3.86409736308316e+000    6.63265306122449e-002
 3.95537525354970e+000    6.12244897959184e-002
 4.05679513184584e+000    5.10204081632653e-002
 4.14807302231237e+000    4.59183673469388e-002
 4.24949290060852e+000    4.08163265306122e-002
 4.34077079107505e+000    3.57142857142857e-002
 4.44219066937120e+000    3.06122448979592e-002
 4.54361054766734e+000    2.55102040816327e-002
 4.73630831643002e+000    2.04081632653061e-002
 4.93914807302231e+000    1.53061224489796e-002
 5.00000000000000e+000    1.53061224489796e-002
