 1.83299389002037e-001    2.55754475703325e-002
 2.64765784114053e-001    5.62659846547315e-002
 3.25865580448065e-001    9.71867007672634e-002
 3.86965376782077e-001    1.43222506393862e-001
 4.27698574338086e-001    1.84143222506394e-001
 4.58248472505092e-001    2.25063938618926e-001
 4.88798370672098e-001    2.65984654731458e-001
 5.29531568228106e-001    3.12020460358056e-001
 5.49898167006110e-001    3.52941176470588e-001
 5.70264765784114e-001    3.98976982097187e-001
 5.90631364562118e-001    4.45012787723785e-001
 6.10997963340122e-001    4.91048593350384e-001
 6.31364562118126e-001    5.37084398976982e-001
 6.51731160896130e-001    5.83120204603581e-001
 6.72097759674134e-001    6.29156010230179e-001
 6.82281059063137e-001    6.75191815856777e-001
 6.92464358452139e-001    7.16112531969309e-001
 7.02647657841141e-001    7.57033248081841e-001
 7.23014256619145e-001    8.08184143222506e-001
 7.33197556008147e-001    8.54219948849105e-001
 7.43380855397149e-001    9.00255754475703e-001
 7.53564154786151e-001    9.41176470588235e-001
 7.63747454175153e-001    9.87212276214834e-001
 7.84114052953157e-001    1.03836317135550e+000
 7.94297352342159e-001    1.07928388746803e+000
 8.04480651731161e-001    1.12531969309463e+000
 8.14663951120163e-001    1.17135549872123e+000
 8.24847250509165e-001    1.21739130434783e+000
 8.35030549898167e-001    1.26342710997442e+000
 8.55397148676171e-001    1.35549872122762e+000
 8.65580448065173e-001    1.40153452685422e+000
 8.85947046843177e-001    1.49360613810742e+000
 9.06313645621181e-001    1.58567774936061e+000
 9.16496945010183e-001    1.62659846547315e+000
 9.36863543788187e-001    1.67774936061381e+000
 9.57230142566191e-001    1.75959079283887e+000
 9.77596741344196e-001    1.80562659846547e+000
 9.97963340122200e-001    1.85166240409207e+000
 1.02851323828921e+000    1.89258312020460e+000
 1.03869653767821e+000    1.90281329923274e+000
 1.07942973523422e+000    1.91815856777494e+000
 1.10997963340122e+000    1.91815856777494e+000
 1.13034623217923e+000    1.91304347826087e+000
 1.17107942973523e+000    1.87723785166240e+000
 1.22199592668024e+000    1.83631713554987e+000
 1.25254582484725e+000    1.79028132992327e+000
 1.28309572301426e+000    1.74424552429668e+000
 1.30346232179226e+000    1.70332480818414e+000
 1.33401221995927e+000    1.65728900255754e+000
 1.38492871690428e+000    1.57033248081841e+000
 1.43584521384929e+000    1.43734015345269e+000
 1.48676171079430e+000    1.34526854219949e+000
 1.50712830957230e+000    1.30434782608696e+000
 1.52749490835031e+000    1.25319693094629e+000
 1.54786150712831e+000    1.21227621483376e+000
 1.56822810590631e+000    1.16624040920716e+000
 1.58859470468432e+000    1.12531969309463e+000
 1.60896130346232e+000    1.08439897698210e+000
 1.63951120162933e+000    1.03324808184143e+000
 1.65987780040733e+000    9.92327365728900e-001
 1.69042769857434e+000    9.46291560102302e-001
 1.72097759674134e+000    9.00255754475703e-001
 1.75152749490835e+000    8.64450127877238e-001
 1.78207739307536e+000    8.18414322250639e-001
 1.82281059063136e+000    7.72378516624041e-001
 1.86354378818737e+000    7.26342710997442e-001
 1.91446028513238e+000    6.85421994884911e-001
 1.95519348268839e+000    6.49616368286445e-001
 2.00610997963340e+000    6.08695652173913e-001
 2.05702647657841e+000    5.72890025575448e-001
 2.11812627291242e+000    5.31969309462916e-001
 2.23014256619145e+000    4.65473145780051e-001
 2.29124236252546e+000    4.29667519181586e-001
 2.36252545824847e+000    3.88746803069054e-001
 2.42362525458248e+000    3.63171355498721e-001
 2.50509164969450e+000    3.27365728900256e-001
 2.59674134419552e+000    2.96675191815857e-001
 2.65784114052953e+000    2.76214833759591e-001
 2.74949083503055e+000    2.50639386189258e-001
 2.84114052953157e+000    2.25063938618926e-001
 2.92260692464358e+000    2.04603580562660e-001
 3.00407331975560e+000    1.89258312020460e-001
 3.11608961303462e+000    1.63682864450128e-001
 3.19755600814664e+000    1.48337595907928e-001
 3.28920570264766e+000    1.32992327365729e-001
 3.39103869653768e+000    1.17647058823529e-001
 3.47250509164969e+000    1.07416879795396e-001
 3.57433808553971e+000    9.20716112531969e-002
 3.65580448065173e+000    8.69565217391304e-002
 3.75763747454175e+000    7.67263427109974e-002
 3.85947046843177e+000    6.64961636828645e-002
 3.96130346232179e+000    5.62659846547315e-002
 4.04276985743381e+000    5.11508951406650e-002
 4.15478615071283e+000    4.60358056265985e-002
 4.24643584521385e+000    4.09207161125320e-002
 4.34826883910387e+000    3.58056265984655e-002
 4.43991853360489e+000    3.06905370843990e-002
 4.64358452138493e+000    2.55754475703325e-002
 4.73523421588595e+000    2.04603580562660e-002
 5.00000000000000e+000    1.53452685421995e-002
