 1.42566191446029e-001    0.00000000000000e+000
 2.74949083503055e-001    1.53452685421995e-002
 3.66598778004073e-001    3.58056265984655e-002
 4.58248472505092e-001    5.62659846547315e-002
 5.19348268839104e-001    8.69565217391304e-002
 6.00814663951120e-001    1.32992327365729e-001
 6.41547861507128e-001    1.68797953964194e-001
 7.02647657841141e-001    2.14833759590793e-001
 7.33197556008147e-001    2.55754475703325e-001
 7.63747454175153e-001    2.96675191815857e-001
 8.04480651731161e-001    3.47826086956522e-001
 8.45213849287169e-001    4.19437340153453e-001
 8.75763747454175e-001    4.70588235294118e-001
 9.06313645621181e-001    5.21739130434783e-001
 9.26680244399185e-001    5.62659846547315e-001
 9.57230142566191e-001    6.08695652173913e-001
 9.77596741344196e-001    6.49616368286445e-001
 1.00814663951120e+000    6.95652173913043e-001
 1.03869653767821e+000    7.36572890025575e-001
 1.07942973523422e+000    7.77493606138107e-001
 1.13034623217923e+000    8.13299232736573e-001
 1.15071283095723e+000    8.18414322250639e-001
 1.22199592668024e+000    8.18414322250639e-001
 1.24236252545825e+000    8.08184143222506e-001
 1.29327902240326e+000    7.77493606138107e-001
 1.34419551934827e+000    7.31457800511509e-001
 1.39511201629328e+000    6.90537084398977e-001
 1.46639511201629e+000    6.08695652173913e-001
 1.54786150712831e+000    5.31969309462916e-001
 1.58859470468432e+000    4.91048593350384e-001
 1.64969450101833e+000    4.45012787723785e-001
 1.69042769857434e+000    4.09207161125320e-001
 1.74134419551935e+000    3.68286445012788e-001
 1.80244399185336e+000    3.27365728900256e-001
 1.85336048879837e+000    2.86445012787724e-001
 1.89409368635438e+000    2.55754475703325e-001
 1.95519348268839e+000    2.14833759590793e-001
 2.00610997963340e+000    1.79028132992327e-001
 2.07739307535642e+000    1.38107416879795e-001
 2.13849287169043e+000    9.71867007672634e-002
 2.20977596741344e+000    6.64961636828645e-002
 2.28105906313646e+000    4.09207161125320e-002
 2.37270875763747e+000    2.04603580562660e-002
 2.48472505091650e+000    5.11508951406650e-003
 2.56619144602851e+000    1.02301790281330e-002
 2.66802443991853e+000    1.53452685421995e-002
 2.85132382892057e+000    3.58056265984655e-002
 2.95315682281059e+000    5.11508951406650e-002
 3.04480651731161e+000    6.13810741687980e-002
 3.13645621181263e+000    7.16112531969309e-002
 3.22810590631365e+000    8.18414322250639e-002
 3.32993890020367e+000    8.69565217391304e-002
 3.43177189409369e+000    9.20716112531969e-002
 3.54378818737271e+000    9.71867007672634e-002
 3.72708757637475e+000    9.71867007672634e-002
 3.92057026476578e+000    9.20716112531969e-002
 4.21588594704684e+000    8.69565217391304e-002
 4.40936863543788e+000    7.67263427109974e-002
 4.60285132382892e+000    6.64961636828645e-002
 4.80651731160896e+000    5.62659846547315e-002
 5.00000000000000e+000    4.60358056265985e-002
