 3.45475372279496e-001    1.59214092140921e-001
 3.63115693012600e-001    1.96476964769648e-001
 3.69530355097365e-001    2.13414634146341e-001
 3.79152348224513e-001    2.43902439024390e-001
 3.85567010309278e-001    2.67615176151762e-001
 3.91981672394044e-001    2.98102981029810e-001
 3.95189003436426e-001    3.15040650406504e-001
 3.98396334478809e-001    3.31978319783198e-001
 4.01603665521191e-001    3.62466124661247e-001
 4.03207331042383e-001    3.82791327913279e-001
 4.04810996563574e-001    4.03116531165312e-001
 4.06414662084765e-001    4.23441734417344e-001
 4.08018327605956e-001    4.47154471544715e-001
 4.09621993127148e-001    4.64092140921409e-001
 4.11225658648339e-001    4.84417344173442e-001
 4.12829324169530e-001    5.04742547425474e-001
 4.14432989690722e-001    5.25067750677507e-001
 4.16036655211913e-001    5.45392953929539e-001
 4.17640320733104e-001    5.65718157181572e-001
 4.19243986254296e-001    5.86043360433604e-001
 4.20847651775487e-001    6.09756097560976e-001
 4.22451317296678e-001    6.26693766937669e-001
 4.28865979381443e-001    7.07994579945799e-001
 4.33676975945017e-001    7.68970189701897e-001
 4.35280641466208e-001    8.13008130081301e-001
 4.36884306987400e-001    9.04471544715447e-001
 4.38487972508591e-001    9.82384823848238e-001
 4.40091638029782e-001    1.06029810298103e+000
 4.41695303550974e-001    1.14837398373984e+000
 4.43298969072165e-001    1.22628726287263e+000
 4.44902634593356e-001    1.30758807588076e+000
 4.46506300114548e-001    1.38888888888889e+000
 4.48109965635739e-001    1.46341463414634e+000
 4.49713631156930e-001    1.53794037940379e+000
 4.51317296678121e-001    1.61924119241192e+000
 4.52920962199313e-001    1.69715447154472e+000
 4.54524627720504e-001    1.77506775067751e+000
 4.56128293241695e-001    1.90379403794038e+000
 4.57731958762887e-001    1.97831978319783e+000
 4.59335624284078e-001    2.02913279132791e+000
 4.60939289805269e-001    2.02235772357724e+000
 4.62542955326461e-001    1.94444444444444e+000
 4.64146620847652e-001    1.84620596205962e+000
 4.65750286368843e-001    1.74457994579946e+000
 4.67353951890034e-001    1.65650406504065e+000
 4.68957617411226e-001    1.56165311653117e+000
 4.70561282932417e-001    1.46002710027100e+000
 4.72164948453608e-001    1.37533875338753e+000
 4.73768613974800e-001    1.26693766937669e+000
 4.75372279495991e-001    1.18224932249322e+000
 4.76975945017182e-001    1.14159891598916e+000
 4.78579610538373e-001    1.10772357723577e+000
 4.80183276059565e-001    1.07046070460705e+000
 4.81786941580756e-001    1.04336043360434e+000
 4.83390607101947e-001    1.00948509485095e+000
 4.84994272623139e-001    9.75609756097561e-001
 4.86597938144330e-001    9.38346883468835e-001
 4.91408934707904e-001    8.43495934959350e-001
 4.96219931271478e-001    7.41869918699187e-001
 4.97823596792669e-001    7.11382113821138e-001
 4.99427262313860e-001    6.80894308943089e-001
 5.01030927835052e-001    6.63956639566396e-001
 5.02634593356243e-001    6.53794037940379e-001
 5.09049255441008e-001    6.16531165311653e-001
 5.18671248568156e-001    5.55555555555556e-001
 5.28293241695304e-001    4.97967479674797e-001
 5.29896907216495e-001    4.87804878048780e-001
 5.31500572737686e-001    4.77642276422764e-001
 5.39518900343643e-001    4.53929539295393e-001
 5.44329896907217e-001    4.40379403794038e-001
 5.53951890034364e-001    4.23441734417344e-001
 5.58762886597938e-001    4.16666666666667e-001
 5.66781214203895e-001    4.06504065040650e-001
 5.73195876288660e-001    3.99728997289973e-001
 5.82817869415808e-001    3.92953929539295e-001
 5.87628865979381e-001    3.89566395663957e-001
 6.00458190148912e-001    3.86178861788618e-001
 6.26116838487973e-001    3.86178861788618e-001
 6.38946162657503e-001    3.89566395663957e-001
 6.53379152348225e-001    3.96341463414634e-001
 6.64604810996564e-001    4.03116531165312e-001
 6.80641466208477e-001    4.13279132791328e-001
 7.01489117983963e-001    4.30216802168022e-001
 7.25544100801833e-001    4.50542005420054e-001
 7.41580756013746e-001    4.64092140921409e-001
 7.62428407789232e-001    4.84417344173442e-001
 7.76861397479954e-001    4.97967479674797e-001
 8.00916380297824e-001    5.18292682926829e-001
 8.18556701030928e-001    5.31842818428184e-001
 8.39404352806415e-001    5.45392953929539e-001
 8.63459335624284e-001    5.58943089430894e-001
 8.79495990836197e-001    5.65718157181572e-001
 8.90721649484536e-001    5.69105691056911e-001
 9.09965635738832e-001    5.72493224932249e-001
 9.27605956471936e-001    5.75880758807588e-001
 9.51660939289805e-001    5.72493224932249e-001
 9.67697594501718e-001    5.69105691056911e-001
 9.78923253150057e-001    5.65718157181572e-001
 9.88545246277205e-001    5.62330623306233e-001
 9.98167239404353e-001    5.58943089430894e-001
 1.00618556701031e+000    5.55555555555556e-001
 1.01420389461627e+000    5.52168021680217e-001
 1.02061855670103e+000    5.48780487804878e-001
 1.02703321878580e+000    5.45392953929539e-001
 1.03184421534937e+000    5.42005420054201e-001
 1.04467353951890e+000    5.35230352303523e-001
 1.05429553264605e+000    5.28455284552846e-001
 1.06552119129439e+000    5.21680216802168e-001
 1.07995418098511e+000    5.11517615176152e-001
 1.09438717067583e+000    5.01355013550136e-001
 1.10882016036655e+000    4.91192411924119e-001
 1.12646048109966e+000    4.77642276422764e-001
 1.15211912943872e+000    4.57317073170732e-001
 1.16494845360825e+000    4.47154471544715e-001
 1.17938144329897e+000    4.33604336043360e-001
 1.19541809851088e+000    4.20054200542005e-001
 1.21786941580756e+000    4.03116531165312e-001
 1.23711340206186e+000    3.86178861788618e-001
 1.25635738831615e+000    3.69241192411924e-001
 1.27720504009164e+000    3.52303523035230e-001
 1.30126002290951e+000    3.31978319783198e-001
 1.32371134020619e+000    3.15040650406504e-001
 1.35257731958763e+000    2.94715447154472e-001
 1.39908361970218e+000    2.64227642276423e-001
 1.44077892325315e+000    2.40514905149051e-001
 1.47124856815578e+000    2.23577235772358e-001
 1.51294387170676e+000    2.03252032520325e-001
 1.53218785796105e+000    1.93089430894309e-001
 1.55784650630011e+000    1.79539295392954e-001
 1.56426116838488e+000    1.76151761517615e-001
 1.58991981672394e+000    1.82926829268293e-001
 1.60916380297824e+000    1.86314363143631e-001
 1.61397479954181e+000    1.86314363143631e-001
 1.65727376861397e+000    1.49051490514905e-001
 1.66529209621993e+000    1.42276422764228e-001
 1.68293241695304e+000    1.35501355013550e-001
 1.72462772050401e+000    1.18563685636856e-001
 1.75830469644903e+000    1.08401084010840e-001
 1.77915234822451e+000    1.01626016260163e-001
 1.80000000000000e+000    9.82384823848238e-002
