 3.74341351660939e-001    1.93089430894309e-001
 4.36884306987400e-001    9.92547425474255e-001
 4.99427262313860e-001    7.31707317073171e-001
 5.61970217640321e-001    1.18563685636856e-001
 6.24513172966781e-001    2.40514905149051e-001
 6.87056128293242e-001    4.47154471544715e-001
 7.49599083619702e-001    3.65853658536585e-001
 8.12142038946163e-001    1.26355013550136e+000
 9.37227949599084e-001    7.11382113821138e-001
 9.99770904925544e-001    3.96341463414634e-001
 1.06231386025200e+000    3.55691056910569e-001
 1.12646048109966e+000    1.89701897018970e-001
 1.19060710194731e+000    1.15176151761518e-001
 1.25154639175258e+000    1.38888888888889e-001
